20 512
 -1.2668  -1.2477  -0.0681   3.8419  -0.0693  -1.7919  -1.5943   0.8402   0.1550  -3.1526  -3.0204   0.7337  -0.2603   1.6590   0.0230   5.5893  -2.4959   1.9604  -0.6348   0.7999 
  2.6673   1.4923   1.1408  -0.7478  -1.0755  -1.3421  -0.4884   0.2535   0.2951   1.5088   1.9447  -2.6620   2.3751   1.5298   4.1357  -6.5630  -2.1766  -2.7535  -0.7706   1.2362 
 -0.6415  -0.4348  -1.2178  -0.9870  -1.1057  -2.1421  -2.3594  -0.4977  -4.1484  -4.7120   5.5425   3.0695   3.6610   2.9729   2.4379  -1.6136  -1.3052   2.1342   1.9164  -0.5692 
  1.5930  -1.1175  -1.2476   1.6203   2.5315   2.3427  -0.5223  -3.1063  -2.1739  -1.4774  -2.6108  -3.5842  -0.3828  -0.1511   0.8929   2.5717  -1.7657   1.8954   6.0193  -1.3272 
 -0.2102  -0.3681  -1.2724  -1.1520  -0.3715  -0.5633  -2.5238  -1.7680   4.7356   5.6452   0.8620   0.8750  -0.8932  -1.5918  -1.4047  -0.0720  -0.6080  -0.7876   1.3972   0.0717 
  5.1178  -1.5391  -4.2881  -1.9745   1.3515   2.4014   0.9329   3.4647  -2.4062  -0.4224   2.8708  -1.6053  -3.1492  -2.6783  -2.6937  -4.4645   1.8599  -0.5456   3.8910   3.8770 
 -1.7119  -1.0101  -0.5002  -1.7849  -0.4884   0.2279  -0.8335  -1.0083  -1.2819   0.1129  -1.3674  -1.3338   0.9290   3.0765   2.6339   3.5627  -2.2713   0.6565  -1.2099   3.6022 
 -1.5938  -1.3264   0.9856   2.8765   2.3700   1.2528   1.2586  -1.2453  -1.3974  -1.4988  -1.6309  -1.2183  -0.1625  -0.8690   0.0030  -2.0081   1.3580   2.9585   3.3396  -3.4520 
 -1.3680  -0.6304  -2.5755  -1.2397   4.9487   2.7251   1.4675  -0.1832  -0.3932   1.4723   1.7410   0.6216  -1.0849  -0.7112  -0.3751  -1.7539   0.1222   1.9858  -0.5248  -4.2444 
 -1.2786  -0.2384   0.6718   2.9763  -1.6959   6.4607  -3.9459  -2.0560  -2.7306  -0.2583   0.0389  -3.6271  -4.0721   0.8260   0.8112   2.8769   2.2400   0.5444   0.3571   2.0995 
  2.5196   2.3359   1.6620   0.6250  -1.0528  -0.9133   1.8668   1.2853   1.4368   1.4676   1.1301   1.3664   1.1076  -3.2853  -0.4530   0.4467  -4.7302  -3.8149  -3.9866   0.9865 
  0.1738   1.2940   1.3514  -0.3684  -0.7078  -0.2329   1.3467  -1.0678  -0.0262   0.2448  -0.8418  -0.3910   2.7415   2.9948  -4.5965  -0.1192   0.2496   0.4684   0.0669  -2.5805 
  0.2482  -1.3236  -1.4810   0.9433   3.4287   2.2233   8.9344  -1.1138   0.4585  -3.7470   3.0416  -2.7394   2.2880   1.6598  -3.6439   0.0633  -2.7363  -1.2617  -3.1924  -2.0500 
  1.4672  -1.3248  -0.5511   1.4512  -0.4710  -1.2381   2.9453  -2.3244   2.3249  -2.1969   0.9414  -1.9926   0.5254   0.0792  -3.2076  -2.4140   3.5291   3.5738  -0.0613  -1.0556 
  1.5560   0.0091   0.0770   2.8542  -1.4594  -2.0102   0.5440   2.8119  -0.2925  -0.7111   0.9589  -1.6923  -1.8606   1.1040  -1.6733  -0.0895   3.6894   2.7628  -6.9922   0.4138 
 -1.5539   0.6820   1.4458   0.4297  -0.4115  -1.3266   0.5024  -0.6975  -0.3820   1.2840   0.9597  -1.0561   2.2198   0.1292   1.4343   3.0313  -3.9845   0.6776   0.3380  -3.7217 
 -2.0283  -1.5216   1.0103   4.8788   3.7028   4.4000  -0.3076   2.4853   2.2296  -1.5213   0.4360  -5.9903  -2.6578  -2.3985  -2.0127   1.3737  -3.7950   2.3105  -0.2099  -0.3839 
 -1.7339  -0.9861  -0.2078  -1.2579   2.5808  -0.9255   3.2388   1.0999   3.6754   4.6424   1.9111   1.4716   2.7531  -0.2725  -0.3573  -0.5392  -4.2109  -6.4662  -2.3713  -2.0442 
  0.7177   1.4094   0.7205   6.8683   1.7836   7.1562  -2.9368   3.4036  -0.6064   2.3377   2.8714  -7.0408  -9.7129   4.1278  -3.4444  -5.9919   5.5073  -0.8996  -7.5142   1.2434 
  0.8042   1.5886   0.8754  -0.4378   0.2336   0.0424  -0.1245   0.0847   0.6402   2.6508   1.6375  -3.2393  -2.2823  -2.1435  -1.5628   0.4271   2.2571   2.5048  -1.5933  -2.3629 
  0.6292   1.1956   0.8357  -0.8634  -0.1796   1.8589   0.6940   2.8309   2.5569  -0.4253   0.2913   0.7772   1.4180   3.4210  -1.9468   4.2236  -7.3361  -3.7802  -3.5980  -2.6029 
  1.9034  -0.7126  -2.3343   0.2344   3.6545   3.9405   3.0203   0.1937  -1.1906  -1.9012  -0.6667  -1.2590  -1.1021  -2.6650   0.1400  -1.4183  -1.2342   0.0547   0.1519   1.1906 
 -3.6125  -2.2485  -1.0820  -1.9912  -1.1521  -2.2527  -2.5383   0.9320   1.1572   2.0230   1.6579   1.3763   6.4432   2.1652  -2.0259   1.9724   3.2824  -0.4615  -1.1909  -2.4539 
 -1.1530  -2.1790  -0.7355  -2.0941   0.6246   1.7502  -3.3266  -3.4374  -2.6486  -2.2938   0.9286   1.3396  -2.1323   0.2739   1.2664   4.4111   1.3864   3.9050   2.8286   1.2861 
 -1.9752   0.7423   2.4137   1.8854  -1.1393  -2.5802  -2.9355  -3.6740  -1.8244   0.3099   6.1403   4.6215  -2.0636  -3.7172  -0.9400   1.4240  -0.3669   2.0205   0.6217   1.0369 
 -0.1561   3.9621  -1.3649   0.2912   3.5366   0.8537  -0.9376  -3.7333  -6.5447  -1.2107   3.3183   2.5758   1.9693  -4.8690   0.6212   0.0985   1.5746   0.2433  -2.6173   2.3890 
  0.6849  -1.1521  -2.0382  -0.8953   0.8771   1.1996  -0.9704  -1.3679  -1.1460   0.0582   0.2636  -1.9785   0.5235   1.6427   0.6362   0.7411   5.6052  -0.3533   0.6579  -2.9883 
  0.5989  -3.9928  -2.1937   3.8742   2.0056   2.3132  -0.4478  -2.0855  -4.3607  -2.1260   5.3544   1.9827   5.3407  -0.8346  -2.4624   1.1729  -4.3825   0.7623  -1.9429   1.4240 
 -3.3103   0.0394   2.0113   2.6733   1.2484  -0.2186   0.1156  -0.4856   2.4501   0.8179  -1.1164  -2.1952  -0.9719   2.0728   0.4002   1.1891   1.7518  -1.2571  -3.3136  -1.9012 
  1.8860   6.9767   2.4311  -2.0414   3.9100   5.5378  -1.7478  -0.8304   2.8523  -1.4075   0.1309   1.8232  -2.8868  -7.5003  -3.4867  -3.2756  -2.8584   6.2611  -7.4682   1.6940 
  3.5074   1.3392   1.0862   2.9814   0.8158  -2.6160  -2.3837  -0.8255  -0.1595   2.0087  -2.8876  -2.4727  -1.3574  -1.2864  -1.5711  -1.0772   0.4648   2.7262   2.1044  -0.3970 
 -0.1430  -0.9788  -2.1195  -0.7774   4.0804   3.7123   1.5082   0.2869  -2.5968  -2.0127   1.5147   3.7486   3.2447   0.6959   0.3308  -2.4516  -3.4598  -4.1669  -0.6870   0.2709 
  0.0724   0.3235  -1.9536  -2.7454  -3.3392  -1.9023  -1.0150   0.7511  -0.0539  -2.8386   5.2737   5.1053   1.4372   1.4046   1.4504   2.4912  -2.6526  -0.6188  -0.6530  -0.5369 
 -6.9550   1.3233   4.3542   2.9502   0.9929  -0.1186  -0.8657  -2.3452   3.5061   2.8348  -4.1741  -4.1264   4.6970   3.0117  -0.2849  -8.0081   3.4452   0.7819  -2.7443   1.7251 
 -4.0878  -0.8849  -4.7521   5.0067  -3.3510  -4.8233  -6.6328   4.8752  -0.7474   3.8614   2.6271   0.9119   1.0371   2.2968   4.3160  -3.7042   0.9900   0.4960   4.7952  -2.2300 
  0.5901   2.0654   1.7824  -0.5570   0.4874   2.7659   0.8232  -0.1306  -0.6795  -1.3143  -1.2480   0.9969   2.0563   0.1625   0.7346   0.0223  -1.6836  -2.9087  -4.1058   0.1406 
 -0.5074  -0.8373  -0.8579  -0.0460  -0.0854  -1.4221  -0.6935   2.5302   2.2014   2.2225   0.5896   1.2715  -0.7624  -2.7997  -5.3296   4.0372   3.2176  -1.4146  -1.3705   0.0565 
 -3.8190  -1.1051   1.5169  -0.5542  -1.5591   0.2921  -2.1144   1.6664   2.8275   0.7745   2.6977   4.4021  -0.2010   0.0685   1.3158  -0.8045  -5.9834   1.7874  -2.1592   0.9509 
  0.6749  -0.0635   0.3751   0.6561   0.4718  -2.3144  -4.9191  -3.0907   0.5499  -0.3498   1.2370   2.6699   1.5353   1.6809   1.2117  -1.3733   0.0977   1.3610   0.0102  -0.4207 
  0.8139  -2.9454  -1.1694   1.1826   3.5742   4.3331   1.4143   1.7017  -1.2428   4.8459  -4.4642  -0.0684  -1.7273  -0.1932  -2.6041  -1.4272   0.2873  -0.9676  -0.1422  -1.2013 
 -1.8690   1.2475  -2.8884  -0.3842  -0.3588   2.7759  -2.0060  -2.2023  -2.6599  -2.5791  -3.1221   3.2645   1.8131   2.8630   6.3144  -4.2619   0.7589  -0.7608   4.8657  -0.8104 
  2.3449   0.3057  -2.2411  -1.3084   0.6572  -0.3790   0.2674   0.5337   0.4996   0.8832   2.3616   3.9339   4.7846  -2.7473  -0.5167  -0.0864   0.9288  -4.3018  -4.0903  -1.8294 
  2.9658   2.7467  -1.9276  -4.0009  -0.7257  -0.6616  -2.0255  -1.2898   0.3022   1.5810   3.0521   2.5790  -3.2369  -0.4791   0.4455   0.1138   1.1032   0.9003  -1.5708   0.1285 
  5.2204  -2.8190   0.8203   0.5992  -1.3205  -2.1549   5.0256  -1.6050   0.5506  -2.8092  -0.2831  -1.6376  -1.8233  -0.0177   2.5319   2.0586   0.9166  -1.5417  -0.3071  -1.4039 
  0.1090  -0.1359  -0.4821  -0.5060  -1.1903  -0.1205   1.3010   0.0989   0.2280   1.3298   1.4648   0.7280   0.0076  -1.4837  -0.1633   1.2525   0.9437  -0.0019  -3.9783   0.5988 
 -4.0941  -3.4220   0.4966  -5.4678   6.0636   1.1749  -0.1830   3.3518   3.5480   1.4243   2.5791  -5.9065  -1.8723  -1.6703   1.3990   6.8845   1.8643  -1.2344  -3.7475  -1.1880 
  3.5819   1.2282  -0.2187  -0.8194  -0.0683   0.6784   0.9405  -0.1871  -1.0635  -2.3089  -1.7476  -2.3377  -1.8039  -0.2123   0.7402   0.8810   0.7063  -3.8015   4.2698   1.5426 
 -0.7508  -2.5319  -1.4606   1.0638  -3.8848   1.2060   2.6878  -1.2315  -0.1629  -2.2730  -3.3361  -1.6208   1.9855   3.4308  -0.2120  -1.4559  -0.3738   2.3568   2.3629   4.2004 
  1.5564   1.6137   1.4225   1.6668   1.3266   0.0460   0.1831  -0.3664  -1.4348   2.5690   2.2918   1.6955   1.6680  -1.3807  -1.0884  -1.0980  -0.5844  -1.0295  -3.6955  -5.3616 
  1.7128  -1.8066  -4.0653  -3.8214  -0.9531   3.4797   0.7961  -2.4955  -2.7851   0.0025   0.7872   1.0652   1.5456  -0.4352   1.9173   4.6258   0.3691  -0.1501  -0.2351   0.4458 
 -1.6777  -3.1299  -1.6947  -1.1535  -2.1999  -3.2226  -0.9846  -2.1533  -0.6467   2.0938   2.1307   2.9065   1.5181   3.0875   0.0486  -0.2157   1.3461   0.7741   2.7320   0.4413 
 -2.0098  -0.0651  -1.1313  -3.1454  -1.8173   0.4664   2.3278   3.1806  -3.0726  -1.5969   3.6994   0.6478  -0.6833   1.0635   1.1405   6.7102  -4.8934  -4.2029   3.4752  -0.0933 
  3.0911   3.1320   3.6764   1.2247   2.0977  -0.4399  -3.9470   1.4276  -0.2596   0.5511  -6.4999  -0.9385   3.2215   1.7397  -2.0786  -2.6160  -3.0150  -2.0586   1.9218  -0.2304 
  0.5955  -0.9572  -3.8115  -1.2133   0.9600   3.0247   8.6360   5.7851   6.1244   0.7094  -2.4410  -1.1712  -1.7901  -3.5399  -2.8318  -2.5468  -4.9596  -0.6022   0.6141  -0.5845 
 12.5835   1.8094   0.1352   1.7718   0.9427  -1.3690   7.1277   0.0421  -2.3404  -4.6650   1.4653  -2.4880   2.6056 -10.3828  -8.1067   4.1108  -1.2481  -1.8330  -2.7827   2.6214 
  2.9658  -0.2617   0.2806  -0.2164   2.8550   1.9755  -3.5301  -1.2350   0.9311   0.8713  -2.2265  -0.6005   2.6386   2.7666  -2.3603  -2.5163   1.6854   1.0161  -7.8883   2.8489 
 -0.9445   0.6006  -1.3214  -5.0651  -2.1702  -0.0289   0.1003   2.2883   0.0424   3.4686   2.0494   1.6327  -1.6152   0.1220  -2.8666  -2.2261   4.9579  -2.2581  -2.7323   5.9663 
 -1.3666  -0.2364  -0.3999  -0.9988  -2.0227  -0.0610  -0.5411  -2.2113  -0.2283  -1.7150   1.0239   4.2760   1.9603  -3.0526  -2.5894   0.8611   5.2528   3.4951  -2.2336   0.7875 
  4.7609   3.7023   0.7955  -3.1291  -1.3671   0.8798  -0.9947   0.2668   0.5762  -0.9479  -4.5541  -0.6922   0.0699  -5.8412   4.2302   5.0652   1.3544  -2.4661  -0.6224  -1.0865 
 -2.6815  -0.9958   1.6109  -1.7618  -2.5561   1.0357  -1.5863  -2.2811   3.4491   1.1806  -0.2855  -0.1380  -0.0202   5.6861   0.8289  -1.0913   0.5986  -1.1493   3.2455  -3.0884 
  1.7353   3.1908   5.0898  -0.4602   0.0751  -2.1427  -5.0910  -3.1667  -3.3291   1.9531   0.4802  -4.8101   2.2518   2.4380   0.6439  -7.3548  -0.0689   1.8997   5.7170   0.9491 
 -1.1588  -3.1119  -3.4525   0.2538   1.3345  -1.0500  -0.3870  -0.0472   0.1522   4.0806   2.8886   3.8741  -1.9507  -2.9183  -0.3828  -0.0805   0.4136   1.1466  -3.1863   3.5818 
 -4.1654  -5.7362  -5.0041  -0.9889   4.1884   4.8135   1.5658  -2.3781   0.8425   7.5151   7.3977   3.9243   0.6283   0.9194  -5.0741  -1.9566   0.2100  -4.9786   0.8760  -2.5989 
 -5.3114   2.2992  -1.9803   1.2150   9.1545  -2.1960  -2.8749   9.6686   0.5512  -4.1700  -1.1338  -4.1549   1.6645  -3.1643  -1.7800   4.9896   0.3390  -0.0421  -1.0391  -2.0347 
  1.0740   2.1840   0.9247   2.0617  -2.1994  -4.0653  -1.5118  -0.9397   1.3781   2.9104  -0.8864   8.5382   0.5495  -3.5922  -0.2482  -0.5485  -0.9604  -1.8453  -3.1808   0.3575 
  3.5141   2.7621   1.2101  -0.3665  -1.1827  -0.5351   0.4822   0.7598   0.8241   1.4976  -0.8943  -2.8067  -2.3512  -2.0448   0.3706  -0.9201  -3.9192   1.1431   0.4761   1.9809 
 -1.7817   1.1939  -1.2195   1.7524  -4.7374   1.1520   0.0973   1.5475   2.2848  -7.7870   2.0346   0.5213   2.8861   3.1077   1.1974   2.3936  -1.4248  -0.2888  -1.4706  -1.4588 
 -0.7677  -2.0426  -2.9918  -1.8722  -1.4336   0.4207   1.4107   1.0509  -0.1714   0.2221   1.3054   0.5884   3.1454   1.8747   0.1510  -0.5701   0.5457   2.7058  -0.0854  -3.4859 
  1.6593   1.0024   0.3202   1.0267  -0.2368   0.1208  -0.7272  -1.0487   0.2686  -1.0197  -1.3131   4.1829   1.0297   1.7779  -3.0898  -0.7777  -4.5532   2.1765  -0.3100  -0.4886 
  2.9341  -0.2895  -2.4210   0.9438   2.9490   1.2447  -0.4279  -0.4133  -0.2487   0.6464   0.1859  -0.8613   0.0690  -2.0024  -3.5783  -0.9123  -2.3469   0.3089   5.3909  -1.1710 
 13.8818   0.6217  -0.6459  -3.4218   0.8331   0.8918   2.2009   4.0596  -3.0380  -7.3862  -3.2105  -2.2108   4.7972  -5.3735   3.8870  -1.8190  -0.5123   0.9752  -3.6921  -0.8383 
  0.2536 -11.0226   4.4625  -7.9396   8.6657   2.6088  -1.0215   0.4492  -5.0641   2.7194   1.1735   2.2070   3.3733  -0.2605   5.5319   3.5989   0.2759  -3.6185  -2.9338  -3.4591 
 -0.2533  -1.2245  -1.1924  -0.1962   0.6099  -2.1289  -2.0002  -2.0390  -1.5592   0.7879   0.1165  -0.9325  -1.5485   0.4552   0.3883   1.9054   2.3495   3.9138   2.3594   0.1886 
  0.1750   3.7528   1.6899  -4.3270  -5.0437  -3.1410  -4.7768  -1.9628  -4.5893   5.9435  -9.6773  -0.4601   3.0571   1.2797   0.1161   3.5574   3.7157  -2.0222   5.9308   6.7823 
 -0.6999  -2.9933  -3.6606  -0.6207  -1.4032  -1.1364   0.2530  -0.9004  -2.7685  -4.3142  -0.7561   0.8142  -0.4715   0.8444   2.0053   0.5983   3.3363   4.4913   6.9146   0.4673 
  1.0959  -0.0886   0.2379   3.2725   1.2016  -1.1581  -1.3640  -0.6268  -0.3678   0.9051   0.7593  -2.2902  -1.4578   0.6349   0.5115  -4.4984   2.2315   2.2535  -2.7867   1.5345 
  3.6055   3.8842   2.1794  -0.7568  -1.0500  -2.1686  -0.6731  -2.0718   0.8001  -0.6819   1.1112   0.5707  -2.4862   3.1489   2.6767   2.5134  -1.9147  -4.1519  -2.4548  -2.0802 
 -1.9388  -0.7447  -0.8349   0.1123   0.1251  -1.3476  -2.6413  -0.4770   5.6864  -1.8563  -3.3514  -0.5309  -1.6295  -1.3453  -0.4664   4.5930   1.1909   2.9264   0.9356   1.5944 
  0.5951  -0.4177  -0.1304   0.5462  -1.3265   1.4534   1.6425   0.9730   0.8946   2.1586   4.2557   0.8968  -5.0524  -1.9576   2.6089   0.6571   0.7918  -2.2504  -4.5907  -1.7480 
 -1.6456  -2.0706  -2.4462  -2.5983  -2.5056   2.0863  -0.9159  -0.8806  -0.8052  -0.7776   1.0285   0.4522   1.5131   3.4530   4.9330  -2.7752   1.7750   2.1982  -0.0181  -0.0006 
  2.2117   0.6658  -0.1647  -0.7769  -0.3291  -0.0686   3.1830   1.8603   1.0488  -0.7866  -1.0352   1.6465   0.2395   0.3989  -1.2496  -1.9498  -2.6996  -7.5216   1.3320   3.9951 
  1.0405   1.3681   2.7153   3.0279   2.8206   1.9933  -1.5434  -2.0223  -1.0490  -1.2756  -0.1434   0.2554   0.8858   1.3178   0.3714   3.5670  -3.1912  -1.0147  -3.0243  -6.0993 
 -0.8348  -2.4017  -3.6731  -2.0399  -0.2474  -1.0640  -1.1488   1.3352   2.8367   5.1498  -0.0673   1.7148   2.0672   0.7800  -2.8302   2.8981  -0.7525   1.3119  -2.4119  -0.6222 
  3.0927   2.0509   2.4548  -1.3001  -3.9942  -0.7486   2.8523   0.1569  -4.3404 -10.5627   4.2087   4.2968   2.7013  -1.1646   0.2008  -2.4272   1.8708   0.5192  -2.3092   2.4416 
  0.6449  -3.5216  -3.8362   2.1329  -1.2999   0.6434  -2.5079   3.1409  -0.9430   2.1409  -0.9005   2.6639   5.8420   2.2508  -0.1834  -3.5407  -2.0329  -1.9827  -0.2675   1.5565 
  5.1512   4.1361   0.9497  -3.1897  -6.0608  -4.8346  -0.7128  -2.1849  -2.1809   0.1265   0.3295   0.2665   1.1233  -0.4722   2.7945   1.1909   0.4093   1.9529   0.6380   0.5674 
 -2.0255   1.8944   3.2610  -0.6543  -0.1603   1.6419   1.8339  -4.1284  -1.6495  -7.4417   2.7611   3.0349  -5.4696   5.3754   0.2729   5.1700   0.7296  -0.1265  -1.6533  -2.6659 
 -7.1882  -6.8851  -0.9549   2.6573   1.6288  -0.3149  -2.2361   1.6706   4.0565   3.2723  -2.0478  -0.6505   2.7769   4.9536   1.8310  -4.1026  -0.8540   2.2409   0.8671  -0.7209 
  0.8703   1.1461   2.9551   0.5102   0.4539   9.1307  -3.4339  -1.5513  -2.2902  -4.1038  -6.0580  -0.8757   3.5830   2.5081  -1.9449   0.3605   0.8645   0.6768  -0.2206  -2.5809 
 -4.5091  -1.0618   1.6342   0.5890   1.0199   0.7070  -0.4636  -0.7393  -2.0902  -4.3948  -1.8491   2.8967   1.9263   0.6394   4.9955   3.9485  -0.2145  -1.3652  -1.4955  -0.1736 
 -1.2527  -0.6868   0.0359   0.5854   0.7286  -0.5988  -1.0892  -1.2358  -0.5524  -1.8766  -4.8554   1.3154   3.0969   1.2141   0.4785   0.5435   0.9660   0.9526   2.5969  -0.3662 
 -3.4429  -2.5359  -0.7902   1.6794   1.3950   0.9304   0.5281   2.0451  -0.2820  -0.7620  -2.3113  -2.5279  -1.2407  -4.6199   3.9276  -1.3637   2.0692   2.0266   2.4150   2.8601 
 -0.0841  -1.4504  -2.5295  -2.1914   0.0160  -1.5806  -3.8581  -1.8751   1.2410   1.4792  -0.0268  -3.0304   1.1672   3.1034  -0.0043  -1.7750   1.0722   5.8103   3.7335   0.7830 
 -1.2601  -0.9248  -0.9753  -1.1580  -0.4657   0.9286   0.4457  -0.7164   2.9298   6.0232   1.1288  -9.2201  -2.6002   1.0866   3.5907  -0.3994  -0.8783  -0.4493   3.0463  -0.1320 
 -2.6865  -1.7683   0.5719   4.2697   0.4434   0.9403  -0.1787  -3.9995  -1.4954  -2.9666   0.5871   0.7458  -0.5643  -3.3758   2.4009   1.3630   3.2345   2.9305   0.6423  -1.0943 
  0.2605  -0.1269   0.1894   0.8801   5.6065   4.4842  -0.3360   1.6337  -1.0080   2.2349  -1.3371  -3.4195  -1.5849   3.4658  -2.7632  -2.8878   0.2535  -1.0857  -3.4858  -0.9736 
  0.5903  -1.1309  -3.8731  -2.8181   0.6957  -2.1930  -3.7976  -0.1684   0.3131   0.8609   0.0568  -0.1356   5.9915   2.3704   3.9840   0.5840  -1.9366  -2.6479   0.4937   2.7608 
 -1.4917   0.6707  -1.8279   0.4736  -4.3226   7.6508  -0.6770  -1.0388   1.6577   3.4357   2.1210  -1.6783  -1.9394  -0.4857   0.0446  -2.1769  -1.5641   1.5895   1.4750  -1.9161 
 -2.4617  -1.4865   0.9268   3.7356   1.9298  -1.0879  -0.9003  -0.6573  -0.4536   1.1463   2.5279  -0.9025  -2.1547   0.5579  -1.4546  -2.5618  -1.1020   1.7633   4.9058  -2.2707 
  3.2436   2.0698   1.3674  -1.4618  -0.4269   1.2764   0.3160   1.2237   0.7208   1.5117   1.4584  -0.5527  -0.7757  -2.7217  -4.0792   1.8261   2.7197  -3.9546  -1.7508  -2.0101 
  0.2659   1.9357   0.5705  -1.8509  -5.0017  -3.7512  -2.7574   0.2996  -1.1250   0.6895   2.7521   3.7090   3.4556   6.5334  -3.5389  -3.8970  -2.9436   0.7650   1.5177   2.3717 
 -1.2532  -0.7651  -0.7634  -1.6900  -2.3167  -1.0574   0.9291  -0.7963  -1.4770  -1.6646   0.5558   0.7009   3.4059   9.2719   1.4172   2.4588  -0.7901  -3.7873  -1.0613  -1.3173 
  3.2264   0.6063  -2.4159  -3.8529  -1.9936   2.6889   2.5115   0.8341   0.8209   1.2008   0.7255  -2.1489  -1.1543  -0.6443   2.0479  -0.7011  -0.5619  -0.0820   0.5538  -1.6613 
  0.8900   0.2673   1.2328  -0.1459   2.5186   2.3429  -0.5461  -0.5497   1.9452   5.1637   1.5156  -3.9805  -1.5621  -1.5331  -2.7711  -2.2357   0.7958  -1.6083  -2.3152   0.5758 
  4.0233   3.7838   3.0862   2.4680  -0.8644  -2.4804  -0.9694  -1.9035  -3.4966  -3.9590  -3.9724  -1.2080  -1.6237   0.7915   0.4354   0.8419   1.1287   1.8538   2.3476  -0.2827 
 -0.5315   1.6742   2.6296  -0.5391  -1.8812   2.7171   6.8646   3.9934  -2.0577  -0.8537  -4.3316  -2.4473  -2.8864  -0.3456  -1.9169  -1.4494   0.4578   1.9608  -0.1673  -0.8898 
 -2.1559  -2.4800  -1.5001   1.3457   3.3362   2.6367   1.4331   2.3397   3.7557   3.4063   1.6588   1.2723  -0.3658   0.5614  -2.5827  -5.6096  -3.4952  -4.1966  -1.5564   2.1965 
  0.1567  -1.6324  -1.8735  -2.1011   0.8687   2.8596   1.0227   5.0782  -3.8186  -0.4012  -1.0627  -1.0858   2.3105   2.5822  -1.0014  -0.6915   1.2628   0.1273  -4.3120   1.7113 
  0.5493   0.1877  -0.3065   0.0805   0.1700  -0.4682  -0.7192   0.7521   1.1935  -1.2445   0.5061   3.0407   3.3122   2.9044   2.0613  -2.6946  -2.8479  -1.4855  -3.4536  -1.5377 
  1.2611   1.2112  -0.4954   1.5849   2.8817   0.5597  -3.2189  -1.8993  -2.3996   0.0235  -0.9270  -1.1263  -1.6443  -3.5163  -1.2543   1.8410   4.5628   1.0754  -0.1607   1.6406 
 -0.8759  -1.6975   0.2532   6.4042  -3.4246  -2.9858   1.9661  -3.2513  -4.0109  -0.5134   2.5545  -3.0437  -2.1093  -3.6915   4.1398   6.0036  -1.3456   1.3628  -1.0285   5.2940 
  8.8405  -7.2360   2.8239   7.1563  -1.4248  -8.0410  -1.9196   1.8187  -0.9320  -3.1134   1.9133   4.5783   5.5866  -1.7440  -0.1615  -9.2039   4.4457  -2.5424   2.5822  -3.4268 
 -1.9594  -0.1440  -0.0014  -0.5248  -1.2740   1.9184   0.2637   0.9658   3.9879  -1.7646   0.8739   3.6824  -1.4748  -0.5493   4.1940  -0.5892   0.9704  -2.3393  -5.2036  -1.0319 
 -1.8153  -0.8777  -1.3975  -2.8688  -1.3150   0.6005   2.0795   2.0158  -0.0187   2.3273   5.2446   3.1910   0.5420  -1.0394   1.3294  -4.6550  -1.5318  -1.6999   0.2573  -0.3684 
  4.3069   1.2137  -1.8464  -3.0026  -0.9539   3.1554   3.4215   2.0922   0.4828   1.6102   1.1857   1.5577  -1.8593  -2.9907  -3.0640  -4.6355  -1.6614   1.3592   1.5116  -1.8833 
  0.6407   1.1519   1.5429  -0.7369  -1.7269  -1.6671  -0.1290  -0.7049   0.8116  -1.2198  -4.0157  -5.1437  -3.1965   2.3418   0.7111   2.6992   0.5585   1.9829   4.9644   1.1355 
  0.6364   2.1072   0.9870  -5.1572  -4.3363  -1.0839  -1.3521   1.8709   0.8132  -0.2938  -0.2079  -2.5242  -0.8999   2.3401   0.7392   3.1549   3.0568  -1.1375   0.0963   1.1908 
 -0.0136  -2.4241  -0.4209   1.6339   3.4114   3.5889  -1.4100  -3.5651   3.1831   2.0426   0.5548  -2.0177   1.6429  -3.2634   1.5780  -4.1305  -0.9389   0.1651   0.4588  -0.0751 
  2.0687   0.8544  -0.3821  -0.1978   1.0057   2.3289   3.0174  -0.3330   2.0178  -0.6679  -0.1993  -1.9170   1.6018  -0.3834   0.6526   1.9588   0.3355  -2.0462  -4.1767  -5.5379 
  2.7809   0.2282   0.4820   1.9051  -1.7350  -3.4716  -3.3685  -1.3005   0.1251  -1.5366  -1.9516  -2.1469   1.2541   3.7123   3.0390   0.8154   2.3154   2.5014   0.0685  -3.7166 
 -2.7442  -0.5589   1.8753   0.2528  -1.7122  -1.5279   0.3471   1.3429  -0.0809  -1.0979  -0.5556   2.8899   0.2864   2.1800   1.7006  -3.4442  -2.6681   2.9174   1.9107  -1.3132 
  1.1471  -0.3191  -2.5131  -2.6788   2.7236   4.0318   2.9420   3.1336   1.5351   0.4800  -0.0086  -1.0945  -1.1975  -0.4758   0.1588  -0.4970  -0.2437  -3.5219  -3.3061  -0.2958 
 -0.6947  -3.5085  -2.7613   0.0475   0.2365  -2.4104  -0.4597  -0.9262  -0.2261   1.8983   0.9162   0.3544  -1.0767   2.3229   2.3748  -1.6417   3.4712  -3.6716   0.1472   5.6077 
 -1.7531  -0.9915  -0.4352   0.4089   0.1890  -1.7111  -0.6401  -0.9353  -0.5743   0.3365  -0.6869   0.9392   0.8776  -0.2201   0.7815  -1.7487  -0.2509   3.0732   0.2971   3.0442 
 -6.4696  -1.5332   1.3136   7.9582   4.7035   0.4178  -1.4784  -2.4577  -0.6662  -2.4183  -3.1348  -2.0591  -4.3423  -0.2080   1.5975  -2.6953   0.1211   4.7779   4.5315   2.0419 
  0.8642   3.0824   1.7461  -0.8529   0.9231  -0.3502  -2.7586  -2.7081  -1.4853   1.1577   2.4953  -2.0279   3.1643  -1.1352   0.2786  -0.1650   2.4230  -0.5282  -0.4006  -3.7227 
 -3.9091   0.2639  -0.0395  -5.0339   1.4635   7.9381  -1.8279  -7.5321   1.8947   0.9696  -7.1991   7.7502   4.8838  -5.2722   5.2271   6.4012  -8.2785  -5.8271   0.4487   7.6786 
 -0.4051   0.3015  -0.5211  -1.1563  -1.5548  -0.8506  -1.7742  -0.6679   0.3853   3.9695   3.1450  -3.5632  -0.3392  -3.3757   1.3514   4.4934  -1.2754  -0.4248   1.0022   1.2601 
 -3.0667   3.2388   3.6288  -0.3263  -3.6989  -4.3941  -3.0073  -2.9882  -2.7834  -3.8873   2.3701   6.1068   1.0432  -2.8444   0.1460  -2.5272   1.8208   2.6818   7.7176   0.7699 
 -0.8674   0.6588  -0.0766   1.9350   3.3452   2.7012   0.4707  -0.8282  -0.7703  -3.8252  -2.8814  -0.2389  -1.3895  -0.9376   0.2572  -3.4418  -2.3763  -1.8695   7.4789   2.6558 
  0.8567   1.9741   0.6363   2.1993   1.9072   2.2211   3.7376  -0.0455   1.3289  -1.0736  -4.8817  -4.0284   2.4624   1.0596  -3.8101  -3.8498   0.8895  -0.5176  -2.3743   1.3083 
  3.7465   3.5865   0.1979   0.4072  -1.1714  -1.4598  -2.1688  -1.4971  -1.1953  -2.8028  -1.8515   1.1483   3.7654  -2.6485   1.2635  -2.4929  -1.4965   0.6356   3.3756   0.6583 
 -1.7286  -0.6675   0.3769   1.1159   0.0587   1.4828   1.2140   6.0165   1.2212  -3.4526  -2.4321  -0.8616  -2.2663  -0.0017  -0.0046   0.2615   0.0517  -0.8546   0.5801  -0.1095 
  3.4455   1.4668  -0.0851  -2.9245   0.0932   1.2861   1.1250  -0.6317  -4.0005  -4.4206  -1.5097   1.3643  -0.1238  -0.8046  -2.4500   4.2293   2.9297   3.2594  -3.0122   0.7633 
  2.2354  -0.6334  -2.7256  -1.7876  -1.8603   0.6549   0.1244  -1.8100  -1.7636  -2.7665   1.0419   3.6034   2.7187  -5.8124  -0.9848   2.8478  -0.3193   3.4835   2.5353   1.2184 
  3.0602   4.3425   2.4260  -0.5623  -0.8919  -0.2730   1.3901   0.4772  -0.5219  -1.3754   0.4815   2.4087  -5.0472  -5.6009  -2.8901  -2.4607   1.8809   3.5997   3.9232  -4.3669 
 -0.0346  -0.2122  -0.2290  -0.9365  -0.4221  -1.9300  -2.3572  -2.9919  -2.2394   3.2115   2.4104   2.4249  -0.5682   1.5001  -1.3857   2.6140  -1.8866  -5.6180   7.3368   1.3135 
 -0.4484  -1.1107  -1.9143  -1.2992  -0.5392  -1.0181  -0.6562   0.5186  -0.7919  -1.4379  -4.0959   2.4107   1.5417   0.0557   3.4844   1.7096  -0.8275   1.7994   2.0983   0.5209 
 -0.4549   0.1830   0.2262  -2.2572  -1.5931  -0.7026   2.6431   2.6098   4.0381  -0.4805  -2.9134  -3.5443  -0.6536  -2.1551   2.0956   1.2393   0.2979   0.9155  -2.0621   2.5682 
 -0.1092  -1.2889  -2.5682  -2.3378  -1.7259  -0.5628  -0.6114  -2.8295  -2.5690  -3.3678  -2.2669   0.6023   0.3823   5.9006   5.7607   1.9871   0.6942   1.2471   3.2445   0.4186 
  0.6515   1.8638  -0.3444  -2.0169  -0.6995  -2.9879  -2.4596  -1.0847  -0.8686  -2.3776   2.0331   4.8909   4.1694   1.2690   1.4079   1.9289   1.8820  -0.9986  -3.0198  -3.2390 
  1.7936   1.2201  -1.9231  -2.6761   1.6107   7.0585   8.8031   2.9894  -2.3291  -6.5825  -1.5641   3.0126  -4.0096  -4.0332  -0.6223  -0.5985  -0.8359   1.2689   0.3585  -2.9410 
 -1.2384  -0.3295   2.3565   3.0657   3.2204   1.0890  -0.5456   0.1283   2.9904  -0.0970  -5.2104  -1.5801  -2.5751  -2.3243  -0.3014   2.6881   0.5623  -1.5424  -1.9388   1.5825 
 -2.6631  -2.8705  -3.6445  -0.1511   1.0369   4.6018   2.7993  -0.5794  -0.1152   0.9196   4.1279  -0.7083  -3.1505  -2.1870  -2.5145  -0.8667   1.9629   3.7810   1.8562  -1.6347 
 -3.7832  -0.9972   1.0298   0.8253  -2.4369  -3.3827  -2.6892  -0.8231  -1.0820  -0.0375  -0.7937  -1.8433  -0.5302   3.8146   2.3123   1.6122   4.1004   5.6672  -1.0450   0.0824 
 -0.1000  -2.0200  -0.5383   2.2917   0.8366  -2.2105  -0.8495   2.1052   3.4989  -0.0827  -0.3031  -1.7154   1.3463   5.4572  -3.0939  -0.0935  -1.1704  -5.2410   2.4300  -0.5476 
 -3.7789  -1.9485   1.8338   2.9833   0.6807   1.8337   5.1432  -0.4532   0.5973  -0.6042   0.8753  -1.5014   0.4292  -2.2709  -1.2993  -0.1667  -1.6955   1.1932  -6.0865   4.2353 
 -0.4920   0.0568  -2.6837  -3.2294  -0.2920  -0.6790   2.7843   3.0219   1.7934  -2.2037  -3.0967   1.8829   0.5782  -1.6334   1.9235   4.5606  -4.2261  -0.0121   2.2982  -0.3517 
 -0.6429   2.5139   2.3667   2.2000  -1.8905  -1.3195  -0.0575  -0.6720   2.8832   0.3828   0.9744   2.9334  -0.6053   3.2595   2.5269   0.0016  -5.8119  -0.9627  -4.8744  -3.2058 
  0.8584   0.9302   0.3630  -0.3058  -0.9190  -1.1142  -3.3748  -2.6210   0.9921  -0.0440  -0.2277   0.8060   1.7478   2.0581   0.3900   4.4187   5.8430  -6.6138  -3.1191  -0.0680 
  0.3281  -0.0986  -1.1173  -1.9481  -2.4515  -1.0863  -1.3545   1.1448   2.8412   3.7501   2.6741   2.7224   1.8554   1.4018  -3.7195  -2.9142  -1.2068  -4.2062   2.9680   0.4170 
  0.2181  -1.3017  -1.3715  -0.9326  -1.1639  -0.6082   2.2905   2.1838   3.1530   3.3746   2.0088  -0.8055  -1.0486   0.7007  -1.7960  -0.3898  -2.4327  -2.4057  -2.1793   2.5060 
 -2.4912  -0.4925   1.9418  -0.6320  -1.0125   1.8048  -1.5360  -1.7457  -0.3001   0.5912   0.4548  -1.4661  -1.5177  -0.5917   5.6377  -3.6558   1.8798   3.7139   3.0715  -3.6543 
 -1.0770   1.7774   3.6503   0.2492  -2.5625  -1.2989   0.3077  -1.4511  -0.7454  -1.0293   0.9281  -0.0970  -1.4180   0.5544   2.0070   3.1415   2.3666  -0.7117  -2.8143  -1.7770 
 -1.8815  -2.2795  -1.1580   1.0865  -0.0453   1.6476   0.0859  -1.8231  -0.7599  -1.0013   0.0173  -0.6116   0.0110   0.6057   0.1048   0.3920   2.8241  -0.4223  -0.2920   3.4995 
  0.0544   2.8654   4.0202   1.6845  -1.8534  -2.9185  -1.4228  -3.6388  -2.0210  -2.4342  -3.4254  -1.7961   2.7218   6.6019   2.2780  -0.0758  -2.1727   1.0645  -0.3083   0.7762 
 -4.2733  -4.7209  -2.5347  -4.1434  -2.3709   0.1195   0.9517  -1.8672   1.5567   3.4133   0.9511   6.1534   5.0591   3.3617   4.3448  -0.8335   0.0697  -1.2096  -2.2085  -1.8188 
  0.0539   1.0537   0.6965   0.7551  -2.3328  -4.4085  -1.7944   4.6582  -1.8228  -0.3800   0.4342   0.9079   1.1727  -0.2538  -0.9787   1.6403   0.3758   0.2889  -1.0679   1.0017 
  0.9075   0.5642  -0.6092  -2.8652  -3.3111  -1.2627   1.6981   0.5866   2.5675   2.8589   1.6024   2.0917   0.4354   1.0342   1.2054  -2.7817  -0.5893   0.0883  -2.8199  -1.4010 
  0.8980  -0.3869  -0.4833   2.6033  -0.0884  -0.3699   7.2953   1.6809   0.8531   1.6498  -4.4993   0.0072  -1.9421  -1.8001  -2.5825  -3.6475  -2.3221   0.6178   0.3128   2.2040 
 -6.0307  -1.3653  -0.3786   0.0247   0.6616   0.7676   3.3234   3.0965   0.7765  -0.6097   1.0441  -0.9142   1.6186  -9.2158  -4.2017   2.5866   2.2875   2.0945   2.8697   1.5646 
 -0.3542  -0.0280   4.1718   2.5282   6.0404   2.9659  -1.0269  -1.4497  -5.6815  -3.9178  -3.9280  -6.4467  -2.5804  -4.6703  -1.3963   3.1437   4.3980  -0.5477   2.7035   6.0758 
 -1.5432   3.8376   1.4210  -1.1449   0.4892   1.3172  -2.0383  -2.2564  -2.1791   3.0272  -4.0284  -1.3615  -1.9716  -4.9880   3.8800   2.5715  -2.8049   5.2429  -2.0992   4.6290 
  1.9112   0.2401   1.2090   1.9221  -0.5051   2.0731  -0.8317  -1.4381   1.1319   0.2604   4.8570  -4.2486  -4.2343  -0.1445   2.6106   1.1135  -3.4590  -1.7688   1.2613  -1.9600 
 -4.6396  -2.9689   0.9238   0.7657   0.5574  -0.3650  -3.7022  -4.0756  -5.0362   0.3243   3.1880   1.7270  -0.7319   2.9308   3.7592   2.6099  -0.3181   4.3233   1.9146  -1.1863 
  0.1980  -2.2883   0.9330   3.8033  -3.0797   0.0635  -1.8773  -1.7344  -1.0161   0.1560  -0.1661  -3.8927  -0.3658   0.3316   1.1226   1.9542  -1.0490  -2.2906   3.6658   5.5322 
 -0.8058  -0.9870   1.9765   0.8081  -0.8891   1.6549  -1.7178  -0.2062  -0.6134   3.7968   2.8384   4.3753   1.2045  -6.0029  -1.5145  -3.5656   0.8785  -0.8278   0.9419  -1.3448 
 -1.9513   2.4604   2.9573   3.3043   2.2986   1.0394  -0.4185  -0.0890  -0.2841   2.2073   1.6514   0.3367  -1.0792  -1.4676  -0.8850   1.7747   0.0695  -7.9932  -5.3486   1.4171 
 -2.8766  -0.2007   0.3439   0.7801  -0.0362  -1.8832   1.2162   3.7611   1.5511  -0.2914   4.4891   2.4265   0.5170   1.2791  -3.0822  -4.3172   2.1550  -1.7349  -2.5924  -1.5044 
 -1.3853  -0.5001   0.6365  -1.9167  -1.9693  -1.6932  -2.5123  -3.1209  -1.5363   3.8772   1.7176   4.5613   2.2969  -1.7507  -0.4549   2.7398  -2.2572  -0.1132   1.3625   2.0183 
 -0.2587   0.7517   0.0083  -1.5665  -2.9108  -3.8211  -5.3272  -2.2879  -3.3006   3.2010   3.9688   4.6713   3.8047   3.4665   0.6502   0.9612   0.0958  -1.5002   1.1994  -1.8059 
 -0.0767  -2.8888  -3.8572  -1.6523   2.8392   3.7128   0.7093  -0.0657   0.9823  -1.6073  -2.1810  -1.5064  -0.6392   2.2679   1.7322  -1.1001   1.0422   1.4078   2.4192  -1.5382 
  2.1069   1.6101  -0.6015  -1.1106  -0.0731   0.3657   2.1738   0.6411  -3.2826  -4.2217   0.0005   4.1333   2.9287   4.0221  -1.0117  -7.1186  -0.3700   1.5812   0.1654  -1.9391 
 -3.3989  -5.4211  -3.3823   0.1417  -0.2090  -2.9282   3.8367   5.4395   2.1603  -1.6658  -0.0286   3.8151  -1.6236  -0.4057  -0.8473   2.3634   0.3434   0.0424  -0.3374   2.1055 
  3.8095  -5.8994  -4.2159  -2.8701   5.1790  -4.6791  -5.6257   0.4437   3.5907   6.0531  -2.4206  -0.6190   2.0474   3.5867   7.1475  -4.6633   4.1906   1.2868 -11.1492   4.8074 
 -5.2857  -2.3511   1.8870  -1.8753  -2.8109   0.3363  -1.9008  -0.4090   0.8741  -0.4525  -6.3796   0.4485   2.7092   2.5765   4.4129   4.7975  -0.3228   3.7712   2.7353  -2.7608 
 -3.9913  -5.9775  -2.6898   8.0565   3.5971   1.2374   3.4590   0.3338   0.6958  -1.1912  -2.2406  -2.0748   0.0857   3.9701   1.1276   1.2332   0.6559  -3.8152   0.9255  -3.3971 
 -2.4876  -2.5150  -2.0296  -1.0642   1.0080   0.6973  -1.7376  -1.5703   1.5923  -0.7283  -0.1226  -1.7315   2.4167  -0.4425  -1.5075   3.8846   0.5544   0.8966   4.6270   0.2600 
  2.8767   0.9007   0.0796  -2.1662  -1.5086   1.0148  -1.3370   0.8661   0.0749   1.4614   3.1800   2.1743  -1.6449  -2.7523  -2.7644   2.2901  -1.9100  -4.8716  -2.0883   6.1248 
  3.6336   2.1044   0.4628  -0.6805  -0.0353  -2.3281   1.0902   3.0334  -1.9070  -2.0882  -2.9673   0.1514   0.3556  -1.0151  -5.4063   2.3884   2.5624  -3.2553   3.9458  -0.0449 
 -1.3869  -1.5992   1.4579   1.4992   1.7691   0.8878   0.9518   0.7305  -1.5050  -1.6287  -1.6402  -0.3868   2.7983  -2.2046  -0.5051   0.1956   7.1623   2.4667  -5.9139  -3.1488 
 -3.5734  -7.3577  -7.1566  -1.3669   4.3200   2.1415   0.4237  -0.1707   3.4434   2.6751   2.2337   0.4895   2.5968   1.0123  -0.9145  -1.1189   0.9048   2.1474   0.4312  -1.1607 
 -5.2465  -1.6283  -2.7428  -3.2948  -2.2122   4.3049   4.7808   4.7619   0.2262  -0.6089   1.1643   3.3590  -2.1676   0.2134  -1.1502   1.4193   1.4168   0.3538  -2.8694  -0.0796 
 -3.4905   1.2508   2.0451   0.4490   3.1300   4.3899   0.1675  -1.3519  -0.0668   0.4245  -1.7121   0.2301  -2.2070   0.3069   3.1491  -7.5721   2.7986   3.8554  -4.1493  -1.6472 
  1.5232   1.5300  -1.0621  -1.4488  -0.8044  -0.3900   1.3086  -2.5549  -4.3776   0.5264   2.2421  -0.5299  -2.7363   4.9582   1.0929   1.1601   2.8351   1.9896  -4.9813  -0.2808 
  6.5366  -2.5283  -5.5972  -3.4516  -0.2385   1.8382  -1.6024   0.2804   8.8284   4.4416  -6.1238   3.7728   3.4763   2.9323  -2.3678  -5.5110  -4.9901  -0.1283   0.0084   0.4242 
  1.9342   1.5660   2.2346   1.0331  -0.6035  -0.4461   0.0271   0.7571   1.1796   0.2963  -0.9807  -0.5607  -1.4711  -2.5426  -4.1871   2.4178   0.2030  -1.7949  -3.6655   4.6035 
  2.2188   0.9702  -1.9037  -2.3323  -0.9270  -0.7473   0.4463   4.0069   3.2380   1.6378   1.5850  -1.9473  -1.2130  -2.1935  -1.9102  -3.3249   2.6456   1.0820  -1.3884   0.0570 
  1.8633   1.2717   1.6148   0.3758   2.9711  -0.8914  -1.2864   1.1672   2.0355   1.2245  -3.7030   3.7200  -3.0675  -1.9250   2.2356  -0.7355   0.5128  -4.4528  -2.9595   0.0288 
 -2.2984  -0.5209   0.3609   2.6675  -3.6910  -0.3519   6.3822   3.0237  -0.1277  -2.2553   1.0403   0.9970  -1.3107  -1.9745  -0.1646   4.8839   0.1333  -1.3256  -3.4240  -2.0441 
 -2.3190   2.2812   1.2138  -1.1727  -3.3340  -5.2226   3.6390   2.5124  -1.5642   3.4166   0.5330   1.8016  -0.3986  -2.9233  -3.7394   0.9982  -0.0060  -1.6833   4.3443   1.6231 
 -2.2576  -2.6516  -1.1317  -1.2013   0.7393   0.1827  -1.2343  -3.2192   2.3728   2.7817   1.6779   0.8901   0.5320   1.4647   3.7014   7.0412  -2.6912  -2.5104  -1.2474  -3.2389 
 -1.7690  -1.9167  -2.8243   0.8559   1.6454   0.6817   0.5231  -1.2522  -2.6542  -3.2288  -0.2864   0.0091   0.5513  -0.6182  -3.9328   4.4973   6.4951   0.4313   1.6808   1.1116 
 -0.2744  -1.5780  -1.8323  -1.2019  -0.3620   1.2906  -0.2832  -1.9105  -0.8966   0.8634  -0.4648  -2.3172  -1.9676  -1.7065   0.8232  -2.4736   3.5667   5.3037   4.3018   1.1191 
 -0.4003  -1.4016  -2.6548  -3.2373  -2.1471  -0.9075  -1.1057   1.1084   0.0584   0.6994  -2.2697   0.1501  -0.0187  -0.2177  -1.1214   2.5501   5.4533   5.8815  -0.4561   0.0366 
  2.4755   2.6766   3.3810   2.8797  -1.3067  -1.2604   0.4792  -1.5575  -2.0569  -1.1560  -1.3594  -0.7176   0.2831   1.2557  -0.1965  -2.5773   0.8488   0.4905  -3.0053   0.4234 
 -0.5334  -1.6405  -1.4903  -1.2901  -2.0368  -2.4054  -2.0422  -1.2649  -0.3204   2.3946   2.8987   2.5774  -1.9494  -5.6321   2.8212   3.6550   3.9850   1.2152   1.3991  -0.3406 
 -1.8395  -0.9841  -0.1468  -2.7046   0.5709  -0.0486   2.3079  -3.1973   5.7249  -2.0537  -0.8947  -0.5513  -1.5588  -0.0660   1.7712   1.4939   0.7539   0.8995   0.7376  -0.2144 
 -2.1136  -6.4960   4.0091  -2.7287  -2.8520   0.0889   4.2865   1.1559   1.4489   2.3747  -0.2811  -1.6675  -2.1043   2.4825   1.5983   3.0151   1.4924   1.4598   1.4466  -6.6156 
  0.3044   0.5145   0.8314  -0.5726  -1.4732   0.5522   1.0454   0.7132  -0.3595   0.4703   4.9451   2.9593   3.4319  -1.7835  -2.7963  -3.6604  -2.7125   1.2113  -5.0055   1.3846 
  2.3458   3.2640   1.8110   0.4827  -1.6195   1.9882   1.8256   3.5857   4.1301   1.6235  -5.1588  -3.8052  -1.7214  -1.0231   1.3522  -0.3858  -5.6155  -1.3895  -1.6421  -0.0480 
  3.7883   2.2512   0.5915   3.6595   3.6582   1.2917  -2.0747   3.0623  -4.8462  -9.6783  -4.7828  -4.1622  -5.2776  -1.2559   2.3471   0.9386   6.0401   4.8334  -1.7435   1.3593 
 -0.5609  -1.1658  -2.4817  -6.5550  -4.6100  -0.2509   0.7628  -0.8368   3.8495   3.9220   3.0356   2.0951   1.5781   3.7313   2.8834  -1.2291  -3.4270   1.5639   1.6072  -3.9116 
 -1.4268   0.2383   2.3216   0.1248   2.0796   1.5987   0.8138  -0.2165  -2.9254  -1.2364   4.4075  -3.3005  -5.5475   2.3771   2.6523   1.5551   2.5380   1.7514  -3.2529  -4.5520 
 -0.7746   0.9904   0.2665   0.8152   1.7416  -1.7222  -3.8193   0.6115   3.8698  -1.5065  -1.1919  -1.2590  -0.9540   1.8722  -0.1520  -4.1283  -0.5510   0.1951   0.7420   4.9546 
 -4.9471  -2.6326  -0.7296  -2.9661   3.2611   5.2949   1.3584  -0.3484   0.0238  -0.5367   1.0370  -2.4283  -1.4686   5.4446   2.1704  -0.2969  -1.9436   4.7301   0.0591  -5.0816 
  0.8281  -1.2416  -3.3762  -3.9320  -1.3993  -3.0591  -0.9292   2.5927   2.1047   2.4478   0.5704   1.2666   0.5289  -0.2372   1.2696   3.8278   3.1348   1.0903  -4.3525  -1.1346 
 -0.7430  -0.7480  -1.2610  -0.7625   1.0816   1.6556   1.2019   2.2812   3.2082   1.5688  -1.3094  -2.0639  -2.5822  -2.2528  -1.3400  -1.6246   0.6375   2.8900   1.4778  -1.3150 
  0.8081  -1.3233   1.3342  -0.4629   2.2543  -1.7177   1.7285   2.2425  -4.4738   0.6367   1.5497  -1.2988   0.3335  -1.1590   0.1744  -4.2648   5.1183   0.3072  -2.6556   0.8684 
  4.0404   1.9094  -0.2474  -1.1600  -0.9167  -2.2516   3.9300   2.7965   0.9719  -0.3105   2.6858  -1.8089  -6.0898  -5.0707   2.0812  -0.0971  -1.5043   0.0458  -1.0273   2.0234 
  0.1375   0.2390   1.2366   1.5253   1.5536   1.1452  -3.3801  -3.1595  -2.7411   1.0175   6.4814   1.4661  -1.2521  -3.3744  -3.5432  -5.4270  -1.3071   4.3703   3.6696   1.3422 
 -0.0191   0.4401  -0.0551   1.2610   4.9915   1.8859   4.2946   2.2533   1.2460  -0.3261  -1.8245   0.5397  -0.9620  -2.4208  -1.3984   1.3654  -2.3100  -4.0785  -1.5595  -3.3235 
 -4.1713  -3.8609  -3.6233  -2.2953   0.4590  -0.2721  -0.1506  -1.7078   0.0356   1.5074   1.0712   0.7854   0.7858   0.0168  -0.8160   0.0810   0.5445   4.5197   7.1653  -0.0742 
 -2.9674  -1.4650   1.0679   3.2208   3.0814  -0.6959  -0.9252   1.0871   0.1680  -0.9317  -0.6966  -1.1041   2.3656   1.0874  -0.7021  -0.5843  -5.9540  -1.0591   4.3651   0.6421 
 -2.3881  -1.1722  -0.2878  -1.3100   0.1054   2.7187   3.1286   1.3950   2.5138   0.8551  -1.0485  -2.7991  -1.7081  -1.9009  -0.2092  -1.1297   5.4416   0.9634  -4.8359   1.6679 
  0.3475   0.6761  -0.9160  -3.3303  -2.5114  -1.3053  -2.4606  -1.5909  -0.1066   1.2867   0.1087   0.6627  -0.9380  -2.1561  -4.1442   0.5530   3.6775   4.3771   4.5604   3.2095 
  1.8172   1.9142   1.3748  -1.2576  -1.3958   0.4060  -0.4725  -1.2643   0.8079  -0.6725  -3.4257  -3.2969   2.8901  -0.0329   4.2131   0.8390  -2.3538  -2.2196   3.3371  -1.2078 
  1.9496   3.6573   4.2326   1.1863   1.8389  -0.7982  -0.8176   0.9762  -2.1796  -2.4082   0.4600  -2.1099  -0.1300   5.8933  -3.2271   1.4122  -3.0287  -5.0286   0.1022  -1.9807 
  0.7977   0.4131   0.7926   0.7439  -2.7150  -3.1860  -1.6061  -0.5456   3.5797   0.0724  -0.4993   0.4656  -0.7994  -0.5991   0.0862   3.6997  -0.5342  -0.3047   0.9064  -0.7678 
  1.0025   0.1292   1.8299  -0.2181  -0.3367   2.6298  -1.6812  -0.7903   1.0473  -0.5336  -4.1833   2.6382   0.9480  -0.3031  -1.3062  -0.6706   1.4954   1.1070  -3.9483   1.1443 
 -2.8220  -2.9373  -1.7368  -1.1113   0.7976   1.0210   2.2881   1.7823  -1.6829  -2.1388  -0.0636   0.6047   1.3691   0.5354  -2.8472   1.9900  -0.2414  -1.8409   2.3664   4.6674 
  0.8100   0.5306   3.2216   2.7904   2.3222  -0.0940  -1.2977   0.6699  -0.3153  -2.0729  -0.4524   0.1611   0.0422  -0.9458  -1.6284  -1.0590   0.4113  -0.2203  -0.7025  -2.1711 
  0.6469   2.9521  -0.5269  -2.8396  -2.8290  -0.4167  -2.6035  -1.8694  -1.2710  -1.1950  -0.6111  -1.1719  -0.0843   4.1129   3.9912  -0.9572  -5.8704   3.6319   4.0418   2.8690 
 -1.7675   0.6361   2.5132   2.0830   1.8929  -1.5061  -3.5844  -4.2969  -2.8299  -0.6870   0.8308   1.3968   0.3529   4.0998  -1.6161   1.3306   0.5600  -0.5129  -1.6573   2.7621 
 -4.0964  -1.5173   1.2551   0.2978   1.5682   0.3497  -1.4315  -2.0554  -0.5756   2.5392   0.7900   3.4286  -2.9558  -1.7034  -0.8459   1.0513   5.1871  -2.5294   1.2695  -0.0257 
  0.0328  -1.2155  -1.2836  -0.9363  -1.2229  -1.6930  -1.8595   0.3399  -1.5276  -1.0107   6.4040  -1.9072   0.7733   0.6079   2.8719   3.0211   2.3070  -3.5448   0.3434  -0.5002 
 -6.6638  -3.5679   2.7288   3.1465  -1.8044  -3.2026   0.3954   1.5738   0.6840  -0.5029   1.1915  -2.4277  -2.8920  -0.4612   0.5352   2.0495   4.9107   0.7993   0.1809   3.3270 
 -7.7693  -2.7271  -0.5302  -1.6862  -2.6750  -4.1941   6.2224   4.1406   1.2187  -0.8566   3.2170   2.7593   3.3324  -2.3093  -1.4924   1.2643  -2.9807   2.3328   4.6730  -1.9398 
 -0.3214   0.7654   1.4453   1.0347   0.7854  -0.0281   0.6653   2.1756   2.5539   2.4886   2.8291  -2.3264  -5.6113  -4.1472  -2.1955  -0.1794  -0.8897  -2.9162   2.0658   1.8062 
  0.0689  -0.0814   0.5156  -0.9104   1.9645   1.4890  -0.7622  -1.4287   1.4489   2.2731   1.0561   3.0605   2.5928  -3.3062  -2.8865  -3.6767  -3.9506  -2.1727  -0.4806   5.1867 
 -2.7262  -0.4080  -7.2353   0.2532  -1.7494   4.8406   2.4161  -8.2402  -0.3311   1.0612   3.3760  -0.5373   3.2052   3.7144  -2.9286  10.7765   4.9188  -8.1638  -0.8809  -1.3612 
  3.8706   1.5102   0.3780  -7.4590  -0.9006   2.4899   2.4680  -2.4184  -1.4186   0.2908   2.1056   2.4328   4.2260  -3.9887  -6.7913  -1.0651   2.4289   0.5874   4.8024  -3.5488 
 -1.2691  -4.1749  -2.7407   1.4930   1.4665  -0.9212  -1.4630  -5.1747  -2.2251   0.8474   0.8540   6.6525   0.1651  -0.5706  -0.3287   3.1547  -1.4600   0.8291   2.5923   2.2733 
  3.8347   2.4921   1.8361   2.4264   0.2839  -2.7167   0.2831  -0.5469  -0.6398   0.3108   1.0194  -2.1389  -0.8456  -4.7666  -2.5049   1.2075  -5.6326   1.3761   3.1197   1.6020 
 -3.7739  -1.8529   0.6063  -0.8541  -1.6370   3.6233   0.8975   1.9643   3.5106  -0.3623  -2.4744  -0.7625  -0.7853  -1.5705   0.2237  -0.6207   0.0761  -0.4742   1.5632   2.7029 
  1.1570   0.8704   1.6827   1.2654  -0.5848  -2.6900  -2.6615  -0.9589  -1.6641  -2.7103  -1.4381  -0.4901   1.8045  -1.5216  -1.1394   5.0021   4.1235   1.5550  -3.7877   2.1859 
  2.5420   1.6423   0.7395   0.8846   0.9016   2.7752   3.3824   2.5574   0.4625  -2.0442  -1.8686  -0.1860  -1.7933  -5.0038  -3.5773  -1.2917  -2.0519  -1.8556   1.0146   2.7701 
 -4.4081  -3.4569  -0.8021   0.2773   2.5574   2.3862   1.3118   0.1408   0.6688   1.9053  -1.5497  -0.5855   1.2457  -0.5521   0.9630  -2.2470  -2.8924  -3.7430   6.1844   2.5961 
  0.4138  -4.3685  -4.3743   3.3166   1.9814  -1.9703  -1.1246  -1.8788   1.8555   2.5293  -0.6354   0.3032   3.9855   0.4439  -1.3412  -2.6733   1.5434   2.8406  -1.3900   0.5430 
 -0.9949   0.7752   0.5153  -0.3382   0.7590  -0.3806   0.6362  -0.0446   0.6992  -2.3407  -2.2180  -0.8794   1.9075   1.9883   2.6403   1.4665   1.1384   1.9497  -0.4373  -6.8420 
 -0.3690   1.5979   3.6520   2.5947   0.9915  -0.4587  -1.5761  -1.3889  -0.8595  -0.0002   0.3336   2.0392   1.9215  -1.5962  -2.1409  -2.1868  -2.0225  -6.9604   4.1862   2.2427 
  0.7081   1.2472   1.2274  -0.7827  -1.3963   0.1531   1.0164   1.1220   1.4236   4.7449   4.1970  -1.6566   1.4602  -0.4324  -5.0812  -4.6776  -3.2034   0.2020  -0.8325   0.5609 
 -0.8996  -1.1981  -0.4982  -3.3678  -3.1656  -0.4840  -1.6889   1.4162   1.8691   1.8944   0.6984   2.1971   0.7659  -0.3399  -1.0540  -1.9648   4.8986   2.2357  -0.4350  -0.8795 
 -3.0303  -1.1024  -3.6351   1.8563   2.2581   0.9526  -1.3180   1.0520   0.9676   1.4472  -0.2536   1.6459   0.5539   2.7964  -2.3045   3.1405  -0.8848  -0.5008  -4.0553   0.4143 
 -2.0566   0.3509   1.5804  -0.1468  -1.2009  -5.1236  -1.6316  -0.6083  -0.2262  -3.8727  -1.4106   4.1461   2.8353   5.5841   2.0344  -1.3445  -0.2669   1.6597   0.4425  -0.7448 
  0.4237   5.5027   3.4466  -0.9733   1.1101   0.3187   0.4016  -0.8934  -4.1773   1.2529  -1.0141   1.7716  -1.4207   2.0071  -6.7629  -1.4260  -0.8769  -1.9766   2.0620   1.2241 
  0.5250   0.4342  -1.3517  -2.8754  -3.0586   0.6098   2.2679   1.4929   1.4608   3.1011   1.5060  -4.8013  -7.5268  -0.6504  -0.5030   2.7780   2.8557   1.0462   3.4571  -0.7675 
  3.5730   1.8714  -0.1581  -1.7722  -0.3433  -2.7056  -3.0806  -1.9100  -3.1355   1.0548  -1.9906   0.4699   0.0873   2.5566  -0.1726  -0.8702   2.1464   4.3968   5.0995  -5.1171 
 -0.6968  -1.4896  -0.0495   0.8149   1.4216  -0.0327  -1.7535  -2.2313  -0.3210   1.9568   4.8784  -1.9324  -1.8058  -2.6431  -3.7316   0.3685   1.1306   4.9893  -0.2577   1.3848 
 -1.4341  -1.1497  -1.8056   0.1413   2.5710   2.9390   0.7055  -0.4196  -0.2614   0.1608  -0.6195  -0.3637   4.1643   0.3576   0.0984   2.2749   0.4728  -7.3150  -0.1921  -0.3248 
 -4.2895  -7.0396  -4.8802  -1.5844   1.4442   1.8886   0.5829   0.1608  -2.6352  -1.0632   0.4985   3.2097   6.3270   9.0622   8.0546  -0.4311   2.1200  -2.0642  -2.9293  -6.4319 
 -2.8918  -0.9105  -1.1049  -1.3358   0.0333  -0.4429   1.1140   3.2177  -0.2479  -0.9423   2.0518  -3.4204  -3.3752  -1.5080   4.5184   3.5104   0.8370   0.3279   4.1906  -3.6215 
  1.1012   2.8300   4.9338   4.9135  -1.4413  -4.6933  -2.9852  -2.2104  -2.0709  -0.2446  -1.7323   0.4460  -0.3491   0.7293   1.2549   1.5520  -1.6591  -0.0263  -1.3091   0.9607 
 -3.8105  -2.2705  -0.4801   0.0030  -1.0835  -0.8967  -1.8480   4.3428   2.2775   1.1261   1.5948   4.4091   3.5564  -2.1928  -2.8051  -1.2385  -1.6399  -0.9968   0.5731   1.3796 
  4.5581   4.2833   0.3675  -0.5438   1.9400   3.0816   0.3261  -0.8096  -2.6679  -2.1086  -0.8131  -4.9186  -3.6340   5.7405   0.0185   0.6308   2.5276  -4.0355  -1.8846  -2.0583 
 -1.2863  -0.2640  -0.1222   1.8197  -0.8215  -1.4173   6.3047  -1.3136   2.0735  -0.1627   3.0262   1.5599  -2.3044  -2.9292  -2.1284  -0.0060  -0.2974  -0.4468   0.2977  -1.5818 
 -0.3043  -4.9833  -4.4641   1.6692   5.7638   4.6547   3.7525  -0.9610  -3.9550  -2.2488   0.7885   4.2621   3.6322   2.1375  -6.9698   1.9153   2.5541  -3.4886  -0.8469  -2.9081 
  1.6869  -2.2603  -5.3537  -1.9240  -2.3796   2.8412   5.8922  -3.3838   0.7866   3.3273   0.7220   4.1493  -2.8075   1.2195  -4.1220   2.7912   5.5751  -0.9361  -3.7960  -2.0281 
  1.8743   1.5687   0.9347  -0.0119   5.1974  -0.9505  -1.5819  -0.0387  -0.2355   2.4835  -2.7180  -2.1816  -1.0347  -1.5606  -1.4552   0.4355  -1.6713  -3.1551  -0.2146   4.3156 
 -0.5064   0.6473   1.6157   0.4031  -0.7786   0.4664   2.3609  -0.8533  -2.7426   0.0584   3.6047  -1.3728   0.0256  -2.0089   0.7575  -3.1106  -1.7839   0.9710   1.5709   0.6757 
 -0.1854  -0.4792   0.2327   0.5721   1.3762   0.9344   1.6367   0.2158   0.6455   0.9744  -3.1471  -5.2734  -4.3577   3.1646   3.1365   2.2803   1.2303  -1.9960  -1.5643   0.6037 
  1.5540   2.1016   2.3825   0.8004  -2.0847  -2.7548  -1.5073   0.1971  -0.2707  -0.7690  -1.8324  -0.6385  -4.5361  -6.8801   5.4599   2.6660   1.1252   2.2850   1.3862   1.3159 
 -2.3092   8.5984   0.5061  -0.6741  -2.4670   3.2934  -0.6680   2.0327   0.6889  -1.8602  -0.9325  -1.2001  -4.3458  -2.5628   0.6948  -1.1889   0.4479   2.5950   1.2931  -1.9416 
  0.8421   1.5717   0.5751   0.5951   0.4783  -2.2142   0.3553   6.0828   3.0287  -2.3343  -3.2264  -0.7759  -2.0090  -0.3873  -2.4778   0.6768  -3.4990  -0.8957   4.2903  -0.6766 
 -0.6942   8.6603  -5.4134  -0.8727  -0.3504  -3.3092  -0.5586  -0.2913   2.8905  -3.0583  -2.9724  -1.7470   3.3250  -1.1022  -4.4193   7.6704   0.5149  -0.7173  -3.6000   6.0453 
  0.6802   1.0947   1.2451   3.8611   4.5266   1.8951   0.7625   6.2260   2.5223   4.8966   1.8380  -0.3753   1.3861  -7.5361  -6.8810  -3.7307  -4.9193  -2.5727  -4.5778  -0.3414 
 -1.4648  -1.9631  -1.4302   3.2813   2.7021  -1.3306  -3.5822  -3.4123  -2.6251  -2.5540  -2.9830   1.7868   1.1612   1.7944   0.6471   3.7619   3.5844  -0.4360   2.9666   0.0957 
 -2.6065  -0.4815   3.7667   3.2609   1.4317   5.8806   0.0973  -3.3441  -3.2874  -4.9485  -1.6589   0.7537   0.3424   0.9215   3.8135  -4.2041  -1.8751  -0.8917   1.0067   2.0227 
  4.0705  -1.6316  -3.7042  -1.3612   1.3654   1.6949  -0.0461  -0.4280   2.9316   0.2615  -3.3312   0.4341   1.2323  -0.8543  -0.8620  -4.8579  -6.1758   3.1382   4.9340   3.1899 
 -4.1097  -4.1313  -2.7947  -1.2657  -0.6757   0.0158  -0.2664  -0.7288  -2.8256  -1.9407   0.4965   2.0938   4.2596   1.7443   2.0920   3.1468   3.6217   1.9383   0.0884  -0.7586 
 -0.5474   3.7117   4.4423  -1.1991  -3.2034   0.2008  -1.1999  -0.3645  -0.3658  -1.5068   4.3945  -0.5362  -1.4209  -0.9138  -0.0750  -0.9590   3.3133   2.7513  -7.0608   0.5385 
 -0.2792   1.0180   0.1758   4.6409   0.9990   0.8572  -2.2212  -4.3593   1.0210   5.0992   3.1964   1.4429  -1.7425  -0.9214  -2.3245  -1.3975  -6.8773   2.8027  -1.1862   0.0560 
  1.7064   0.3215  -0.2518   0.0527  -2.5377  -4.4163  -3.0416  -0.1822  -1.1887  -2.9410   0.6761   3.4948   1.6101   1.2626   0.2612   5.6220  -3.9114  -1.0915   4.1888   0.3661 
 -1.7866  -1.1389  -0.0309  -0.9349   0.3853   1.9195   0.2339   0.3886   0.9745   1.4208   2.5313   4.3943  -4.6360  -2.5445  -2.1898  -2.5330  -0.3527   4.7621   0.5928  -1.4558 
  7.8057  -3.8468   0.8827   0.8768  -4.7631  -5.1731   0.0664   5.3199  -1.7890  -4.3428   1.9966   2.9221  -4.5512   5.1760   0.5820  -0.2561  -0.2887   0.6505  -0.8654  -0.4024 
 -2.5780  -0.0834   0.1440  -1.6096  -4.1370  -4.8240  -1.6968   2.0832   4.4015   2.3414   0.0326  -1.7738   3.0088   2.5338   2.2405   0.7822  -3.4270   2.3235   0.3274  -0.0892 
  2.1843   2.5930   1.3745   1.7373   2.8715   2.7285  -1.1274  -0.1783   0.9497   1.0004  -0.2974  -0.2919   0.6463   0.2228  -1.5085  -5.8708  -3.6910  -0.8536  -2.5539   0.0647 
 -1.6643  -0.8616   0.2098   2.2486   4.6647   3.8540   2.3834   1.3656  -0.2611  -0.7523  -0.2703   2.8630   1.1570  -1.6263  -4.3844  -3.5346  -0.0484  -0.8649  -4.9645   0.4867 
  0.6824   1.0939   0.6691   0.3291  -0.2396  -0.9714  -0.9487   0.4056  -0.8422  -1.0662  -0.8121  -1.8756   1.8363   1.0681   3.7568   2.7493  -2.2790   1.4171  -4.9986   0.0258 
 -2.0461  -1.9677  -1.8134  -2.6831  -3.0621  -1.6874   2.2873   0.6491   1.7878   1.1808   1.5028  -1.1540  -1.2923  -0.0603  -3.5107   6.4917   4.0814   1.4288   0.0396  -0.1721 
  1.7926   0.6400   0.0107  -3.4114  12.2384  -4.2391  -4.1672  -5.5139  -1.6966   5.3015  -0.9447  -4.0014   3.1093   5.2076   5.6201   2.3962  -5.3615  -1.8057  -0.2628  -4.9121 
  1.2301  -0.2653   0.0535  -2.1294  -3.7763  -2.5405  -1.3165   1.3892   1.1754   1.8095   2.3931  -0.5310  -0.8291   0.5926  -0.2725  -7.2218   1.8619   3.8534   3.4226   1.1011 
 -4.1789  -3.5276  -0.8324  -0.4176  -2.4000   0.0369   0.9853   5.4189  -1.8625   4.5416  -0.0534  -2.2531  -1.8390   3.0263   1.3992  -0.9141  -0.2291   0.6856   2.4454  -0.0313 
 -6.4975  -4.6128  -3.3675  -4.8986  -0.8354   2.3584  -0.6088   4.1352   0.6068   0.7211   0.2750  -2.0557   0.4476   2.7831   4.6078  -0.4014   5.9849   2.1061   1.2312  -1.9795 
  1.3230   1.1384   1.2773   1.7150  -0.7509  -3.8269  -1.1290  -0.1851  -3.0673   2.4551  -1.8006  -0.5768   2.5367  -0.4358   1.0236   2.8956   4.5161  -0.4242  -3.2309  -3.4534 
 -0.3567   2.4123   4.0459   3.3988   2.0862  -2.1774  -5.1260  -1.0930  -2.2588  -0.1938   0.5021  -0.2723   1.0175  -2.6722   0.0196  -1.3546  -1.6702   0.8080   0.6509   2.2336 
 -3.1316  -2.5501  -0.7668   1.9764   1.8647  -0.0801   0.9053   0.9563  -1.0947   0.3992  -1.9982   2.2428   2.0122  -5.4193  -2.6261  -0.7274   0.7121   1.7109   3.9486   1.6660 
 -7.9949   4.0953   3.7255  -1.4546   8.0933   1.7853  -4.2627   4.4208   9.6075  -2.0281  -0.5418  -3.5660  -1.9219  -6.8006  -1.4426  -1.8720   6.0536  -6.8174   0.7937   0.1276 
 -1.9787  -1.0115   0.4548  -0.6009   1.0489  -0.3883  -3.8168   3.5539   1.8044  -0.8020   2.2377   4.0130   2.5264   2.9341   2.9402   3.1940 -12.1756  -4.5827   0.7140  -0.0649 
 -2.6937  -0.9969   0.6136  -0.2092   0.1112   0.1733   0.0276   0.6804  -4.1810   0.4835   3.1126  -0.8365  -1.6005   3.1133  -1.3297  -0.4657   2.8302   2.7130  -2.7204   1.1750 
 -4.2305  -1.0868   0.5304  -0.1415  -1.2124  -0.8981  -0.8790  -0.8763  -0.9777   1.0148   4.1145   2.1714   1.2310  -1.6938  -1.4429   1.2355   6.6877   0.2382  -3.2655  -0.5189 
 -2.1503  -3.4325  -3.4567  -1.0918   0.5993   0.3527   0.3437   0.2288   0.7821   1.0173   2.2607  -0.9887  -0.3595   4.4457   3.7070   1.5475  -3.7173   0.7682  -0.5101  -0.3462 
 -3.7019  -3.2897  -0.3993   1.1225   4.7873   3.2500  -1.8347  -2.0699   0.0727   1.2966  -0.1512   1.4478  -2.4263  -0.3987  -2.4159  -3.3225   2.8445   0.7735   0.8954   3.5197 
  0.0807  -1.1966  -2.9464   0.8465   1.6234   1.1215   1.2824   3.7187   2.3234  -3.7329  -7.3924  -3.2192  -4.4371  -4.8564   3.1927   2.3654   4.5154  -1.0330   4.4531   3.2910 
  0.0329   2.1961   1.8627   0.5090  -2.3566  -3.1635  -1.4865  -3.4766  -3.4834  -4.5095  -2.4040  -5.5450   7.4389   3.1752   2.6905   4.3345   1.8695  -0.0444  -0.0458   2.4056 
 -4.2525  -4.2615  -2.8448  -1.4174  -1.4188  -1.0941   0.0321   2.7304   1.6246   3.7714   3.6887   2.3979   1.9374   0.7696  -7.0469   0.1811   3.9202   4.8839  -3.2038  -0.3977 
 -0.4109  -0.9615  -1.1887  -1.3425  -1.0669  -2.7829  -2.9395   1.2890   1.6984  -0.5601   1.6775  -0.5469  -0.8102  -0.2298  -0.7565   0.3451   3.1792   2.2226   4.5535  -1.3689 
 -5.7264  -3.6531  -1.3521   0.1463   1.7110   3.1890   0.7838  -1.0176  -0.2195   1.4384   0.0207  -0.4968  -1.0491   0.1749   1.0739   2.0378   1.3580   1.2360   0.4429  -0.0980 
  0.7773  -0.8979  -1.2165  -1.9337  -2.9157  -4.0101  -0.3148  -4.6460  -4.2945   4.1770   5.5969   1.4549   3.5448   1.4079  -0.8343  -3.2017   5.5239   2.2268  -0.3838  -0.0607 
 -0.6985  -0.6307   2.4635  -0.5381  -0.2883   3.4018   2.1088   2.9180  -0.5123  -0.9613   0.0579  -4.3385  -3.8027   1.0743   5.0578  -1.8280  -2.2439  -4.7171   0.9386   2.5388 
 -4.5218   0.1558   2.8380   2.3948  -1.9436   0.6339  -0.7954   1.9788   1.5836   1.1696  -4.5526  -0.5640   1.4447   7.0584  -6.8023  -4.5393  -6.0449  -0.5031   6.1354   4.8739 
  0.3624  -1.2047  -2.0776  -1.5816  -0.7523  -0.4259   1.9866  -0.1702  -0.4710  -1.9514  -1.5113  -0.2099   2.7070   3.8409   4.1635  -1.6517   0.8031   3.1180  -4.9637  -0.0100 
  3.3248   2.1375   1.3785   0.2103   3.0519   1.4244   0.2968  -0.3016  -1.2728   0.9142   0.2763   0.9396   2.3345  -1.6742  -3.9431  -3.4421  -2.5066  -1.7463   1.1359  -2.5381 
  7.3832   7.8862  -6.4414  -8.9767   0.1372  -3.3099   3.3247  -2.2516  -2.6663   1.5419   7.2572  -0.6762  -1.4552   3.0048   6.9210  -8.5959  -2.6649   2.5301  -0.7893  -2.1588 
  1.3303   0.1631  -2.4438  -1.2379   0.9953   2.7203   1.9038   1.2786   0.3887   2.8669   0.3680  -0.1846   5.6338   2.1238  -1.0482  -5.2051  -1.0787  -7.2281  -1.5184   0.1722 
  0.1645  -0.9895  -2.0311  -3.1149  -3.2980  -2.1249   2.0221   2.1048  -0.3058  -1.0676  -2.5289  -1.4215  -1.7517   2.9140   4.1244  -0.6494   2.6877   3.2611   2.5839  -0.5792 
 -0.4639  -1.9119  -0.6903   1.0816   1.7980   1.1866   0.4220   1.5316   0.8944  -2.9810   5.6782   3.5367  -0.9955   2.4778  -1.9477  -3.1693  -0.0340  -1.9442  -1.8186  -2.6506 
 -3.9601  -3.1838  -1.3333  -0.9936   0.4708   1.8640   0.2776  -3.5639  -1.8523   3.8979   6.3274   1.9935   2.4867  -0.2835  -0.1329  -0.9778   1.4936   2.4315   0.5084  -5.4702 
 -1.9007  -8.9624   0.7258  -2.6244   1.8683   0.7413   8.1690  -2.3570  -4.2143  -5.3821   5.3979  -0.3396  -0.0209   2.4866  -1.7903   8.5769  -2.6396  -4.5135   0.4288   6.3503 
  2.3682   1.2735   1.0581   0.7198  -1.3884  -1.1783   2.7862  -0.3150  -4.4216   1.0457   0.8020   0.2322  -1.8255   0.9933   1.5522   4.2681  -3.4105  -1.8681  -3.1691   0.4773 
  0.1022   3.5273   4.7298   1.5753  -3.6041  -2.4060   0.8414   1.2204   1.0785   1.4517   0.9533   1.0682  -0.0095  -1.2482  -3.7150  -1.4924   0.0586   0.2151  -3.5086  -0.8381 
  2.6097   1.3046   0.1797  -0.8433  -0.8002  -0.6737  -0.7817  -0.0181  -1.8564  -0.0021   1.7429   2.1363   2.4019   0.8520  -1.2013  -2.3776   0.1614  -1.6535   0.2922  -1.4730 
 -1.1555  -1.9989  -3.7971  -3.5419  -1.7702   5.6208   1.6756  -3.4769  -2.2174  -0.5921  -2.9465   2.4449   3.2181   2.5732   0.5741   1.4008  -1.6104   2.6683   4.0017  -1.0706 
  2.6808   2.4971   2.2595   2.6039   2.5012   2.7248   0.3061  -0.5761  -0.0415  -2.4607  -1.2162  -0.0800  -2.7145  -3.3777   0.3468   1.3821  -2.9010  -0.5334  -2.3262  -1.0750 
 -1.4573  -0.7869   0.2356  -0.1795  -1.7997  -2.4756  -0.7083  -1.2917  -0.2409   1.8121   2.3854  -0.0780  -2.6742   0.8926   3.1169   2.4329  -3.2335   1.5184   1.6752   0.8566 
  1.3578   1.5299   1.0786  -1.5960  -3.3648  -1.6673   1.3592   5.7139  -0.3364  -0.8154  -1.0911   0.3285   1.2167  -6.5169   3.5759   0.3841  -3.4189   2.2520  -0.3564   0.3665 
 -3.9427  -4.1692  -3.9599  -2.7914  -2.7852   0.8501   2.1268   3.1929   2.9997   0.9798   3.7115   2.7044   0.8023  -1.3597  -0.1213   1.8505   0.8537   2.3570   0.4425  -3.7419 
  1.1259   1.7278   1.7181   1.0824   0.9378   2.2855  -0.4426  -2.0998   0.2868  -2.3258  -2.4774  -3.5030  -2.1920  -0.0403   0.0689  -2.1823  -1.7516   0.3348   2.6371   4.8097 
  2.6282   3.1949   1.4763  -1.8168  -2.3026  -0.1157  -0.0177   1.6877   0.8500   0.1002  -0.5211   1.2286   1.5164  -0.6411  -0.9348  -3.1872   0.1863  -3.1762  -3.7899   3.6345 
  0.6239   1.6179   1.2014   0.2608  -1.9920   4.7736   2.9884  -1.6687  -1.5700  -3.2904   2.3265   0.1217  -0.6529   1.1537  -1.3430  -3.2660  -0.7427  -0.3946  -0.8553   0.7078 
 -2.5785   3.3274   0.7827  -1.1641   0.3099   2.0930  -3.8923  -2.1233  -0.2174  -1.0352   2.3827   3.2008  -1.3061  -1.3553   2.0138  -4.8137   2.2926  -0.4492   0.2262   2.3061 
  0.7030  -0.6796   0.6702   1.2330   0.3286  -1.1249  -0.2281   0.9008  -0.4257   1.5252   0.1413   3.8708  -2.7125  -0.1048  -1.3046  -2.6469  -1.7645  -0.4236   2.6448  -0.6022 
 -2.0396   0.9147   3.7884   2.4844  -0.2561  -2.4529   1.8969  -0.1479   0.6950  -1.2549  -4.9008  -1.2459   0.9313   0.6906   5.2636  -1.1277  -0.2394  -2.2895  -2.5856   1.8753 
  1.6780  -1.6532  -2.7599  -2.2450   0.5197  -1.6003   4.4426   1.0934  -0.3109   0.9191  -3.4242   1.3304  -1.5208  -0.9853  -0.2434   3.9418   0.4425  -2.2543   4.6335  -2.0037 
  2.2658  -0.6139  -1.3935  -0.0563  -2.9550  -1.9056   3.4601  -0.3817  -1.6475  -0.2910  -0.5503   1.7727   0.0114   2.6384   2.8574   0.5346  -5.4829  -2.6161   0.9580   3.3952 
 -2.9553   0.0039   3.9564   2.2087  -0.9348  -1.5953  -1.3780   0.1552  -2.1548   0.7917   1.8242   1.6997  -1.8826  -0.8677  -0.7876  -0.2152   2.3842   2.1467   1.7116  -4.1110 
  0.7023   1.9303   1.0064   0.0165   5.4286  -1.1464  -1.0459  -2.0088  -1.2634  -2.1806  -0.6159   0.3372   3.4050  -1.1188  -2.8596  -2.3910  -0.5550   5.4226  -1.0697  -1.9937 
 -0.8683   0.0341   1.1306  -1.3868  -1.9833   2.9612  -0.7025   0.9705  -3.1777   4.1388   0.7353   0.3664   2.0843   0.2998  -0.4050  -1.1895   3.2137  -5.0324   1.1351  -2.3244 
 -1.0092   0.5101   2.3070   2.1852   1.5304  -1.7001   1.6095  -1.4570  -3.9762  -1.6422  -0.2532   1.3474   0.8974   0.9819  -2.2295   4.7058  -2.0380   3.1038  -2.5420  -2.3311 
  1.9713   1.0803  -1.0686  -1.2321   0.3041  -0.5899  -1.6032  -0.6543  -2.1903  -2.1676   0.3844   0.2905  -0.5787  -1.1285  -3.3703  -0.5637   0.3705   2.2696   8.3763   0.1004 
 -2.3313   3.6108  -3.7738   2.3534  -6.3897   3.9802   2.8098   6.2413   2.5170   5.1260   2.4541  -1.7202  -4.9921  -5.7179  -3.3204   5.3271   2.0124  -5.7657   0.7907  -3.2116 
  0.3230   1.0311   1.3660   0.9706   2.0785   2.0724  -0.0151  -0.8301  -1.1195  -2.8044  -0.9819   0.0417   0.0944  -1.2077  -2.2323   4.1593   1.4207  -2.7654  -0.5102  -1.0909 
  1.0182   0.5812   0.3232   1.7040   1.6371   0.0882   0.7883   2.0623  -2.4549  -1.7632  -0.0828   0.1245  -1.0882  -0.0487  -2.0254  -0.8118  -5.9132   2.5533   0.4880   2.8199 
 -2.1755  -1.4110   0.7926   3.1903   3.2045   1.4005   2.2246   0.4995   1.4795   1.0003   1.4155  -1.8108  -1.7649  -2.0289  -4.9177   1.9399   0.4644  -0.6846  -2.6827  -0.1356 
 -2.3372  -0.8774   1.8295   2.5713   0.4237  -1.6200   0.7250   1.2049  -2.5557  -1.7837  -2.0535   1.8608   2.0142   1.1559   0.4140  -2.2055   2.6316  -1.0207  -0.4407   0.0634 
 -6.4760   2.3566   6.2881   1.1780   2.2768   0.5492   3.6691   1.5956   1.5393   0.8045  -2.4474  -1.1396  -3.0192  -2.8013   2.1788   0.9584  -4.0593  -1.3318  -0.6033  -1.5164 
 -0.2224   3.1469   4.1918  -1.5853  -2.9401   2.4424  -2.0556  -1.6902   1.4657  -1.4987  -4.5783  -3.9175   1.8499   2.5001  -2.9926  -3.1367   4.3814   2.8761  -0.3135   2.0766 
  0.2838   0.7448   1.5373   1.7127   1.9184   1.9954   1.4552   0.6636  -0.0775  -1.4076  -2.7023  -2.4765  -6.0615  -4.2297  -2.8214   4.4402   0.5975   1.2302   2.2798   0.9178 
  0.1873   0.8058   1.4948   0.4584  -0.6762  -2.1053  -0.4098  -0.9510  -0.4347  -0.3909  -1.0508  -2.5837  -1.0389  -4.2899  -4.0647   3.8453   2.2675   2.8481   4.5950   1.4936 
  6.4165   4.7690   2.1643  -0.5306  -1.7418  -1.1821   0.4655   2.4797  -1.0005  -2.7835   0.6462   1.0540   0.1648  -0.2195  -1.2133  -1.6876  -0.2896  -1.1843  -4.2375  -2.0895 
  0.6591  -2.4247  -3.5305  -2.0684   0.7993   0.5286  -1.0223  -0.9537   0.6266   1.4075   1.4620   1.6652   1.3324  -0.3799   1.6047  -0.4030  -1.4183  -0.7574   3.5079  -0.6351 
 -0.7402  -0.5022  -0.0104  -0.1501   0.0126  -0.8303  -0.6338   0.0643   0.7573   4.3586   2.2234  -0.7379   3.8453   0.8151   2.8221  -1.4249  -1.4011  -3.5524  -6.4818   1.5666 
  1.2970   2.6835   1.2613  -1.8292  -0.9390  -1.6773  -1.9287   1.2477   1.3854  -1.9138  -1.0744   1.6338  -4.8418  -0.5580  -1.2900   5.2745  -2.7458   2.6939  -0.9625   2.2835 
  1.8861   3.1363   4.0321   1.7435   0.5233  -0.7855   2.0137   0.8065   1.2174  -4.0074   0.5860  -1.0339  -6.4815  -6.1251   1.1641  -3.9644  -6.3895   7.8222   2.0846   1.7715 
  3.9399   2.2907   1.6049   0.7588  -0.5727  -0.4203   1.1669   0.6185  -0.3417   1.2484   1.5946   1.7091  -1.8086  -4.7596  -2.8399  -3.9325  -2.0296  -0.6780  -0.7509   3.2019 
 -0.3222   0.6190   2.2698   6.3269   5.8198   2.6992   0.0601  -0.5335  -1.7361  -3.6667   0.2231  -2.3194  -2.0166   2.4960   0.1420  -3.4765  -2.9842  -0.3195  -1.1974  -2.0840 
  1.2403  -2.3646  -2.0313   0.7252   3.2474   2.8194   3.1981   0.9009   1.1286  -0.9170  -2.4531  -2.4020   1.6229   2.3317  -1.4971   0.7586  -3.2903  -2.1223  -1.2864   0.3911 
  2.1547  -0.4814  -1.6208  -0.2568   3.7660   2.5927  -0.5335   0.5221   2.1027  -1.7193  -2.1878  -1.5973   0.4487  -3.0208  -3.0695  -0.2839   1.2100  -4.2182   4.8800   1.3123 
 -0.8216   0.0172   1.0117   1.8195   2.2767   0.0322  -4.7072  -3.7244   0.2876   1.2946  -1.1268  -2.0514  -0.3229   1.5642   2.8282   1.4525  -0.2405   0.3745  -0.8299   0.8658 
 -0.5885  -0.7711  -0.1566   0.2456  -1.1305  -2.1400  -1.5832  -2.7023   2.6573   2.8982  -1.9439  -1.4435   3.2616   3.0544  -1.0646  -0.2393   0.2808  -0.6774  -3.3509   5.3938 
 -2.1609   4.7541   2.6519   2.9104  -0.9771  -3.4464   1.3102   4.9024   3.0997   0.1198  -0.6878  -5.0516  -2.6241  -0.1390   0.3260  -3.7625  -4.6033   5.7644  -2.7192   0.3330 
 -0.0774   0.0212   1.7356   2.6966   3.8703  -1.2640  -2.2040  -3.8688  -2.8745  -0.3830  -1.2433   2.7247   1.1808   0.5913   3.3839  -2.9426   0.1962  -0.6047  -3.1975   2.2593 
 -1.7694  -0.8337  -1.4857   1.6357   3.0084   1.4757   0.7496   0.4982  -0.8638   1.0294   3.8151   2.5480  -0.4944  -5.1598  -4.1575   1.6819  -0.9028  -3.0629   2.9081  -0.6201 
 -4.1737  -1.1372   0.4218  -0.3980  -0.2873  -2.0904  -1.4241   1.1799   4.8192   5.5695   2.1240  -1.9634  -0.1503  -0.2208  -2.6623  -1.2140   1.5287   0.1773  -0.4832   0.3844 
  1.1759   3.6352   3.0816  -1.1382  -0.8341  -1.2549   1.7627  -0.2610  -1.7582  -4.6767  -1.9887   0.8806  -0.2903  -2.9331  -3.3697   0.3291  -2.5313   6.3991   2.6926   1.0793 
  3.1054   0.5446  -2.7707  -3.1154  -2.4354  -2.1091  -1.9215   1.5263  -0.5089  -2.1954  -3.0602  -1.7502   2.0283   3.0940   3.1639   6.0315   0.1168  -2.3219   2.2755   0.3024 
  1.4017   0.2037  -0.1188   0.3630  -1.7809   1.2589  -0.0416   0.1426  -0.2900  -0.0669  -0.9365  -1.7637  -4.6543   4.5857   0.7173  -1.2893   0.7992   1.8632   0.4734  -0.8667 
 -0.6645   0.3054  -0.1583   0.3900   0.1223   1.1996   4.2148   1.7843   2.7706   0.9297  -1.0663   1.2711  -0.1675  -0.5861  -2.5452  -2.9107   1.2640   0.2394  -4.6672  -1.7254 
  1.3908   0.5115  -0.8577   0.3878   0.7710   1.2838  -1.2112  -1.2930  -1.9359  -2.3893  -2.5796   1.2692   3.1933  -0.2748   0.2489   3.4206  -5.3967  -3.2312   2.6326   4.0600 
 -3.1151  -2.4768  -1.4409   0.0820  -0.0650   0.8542   2.7545   0.8481   2.7775   3.2925  -1.1392  -0.5600   5.6459  -1.5505   0.7937  -0.2372  -3.8294  -1.7699  -1.1681   0.3038 
 -1.4631  -1.5744  -1.0602   1.2727   5.2755   0.7411   2.6424   0.9111  -1.5443  -0.8217  -2.4580  -1.9627  -0.3229  -0.7005  -0.1842   1.4410   1.1190  -0.0388  -1.7254   0.4532 
  2.6735  -0.1320  -2.0731  -1.2667  -0.0059   0.4063   1.1045  -0.6500   0.2919  -0.2343  -0.1432   0.5161  -1.3203  -1.9223  -1.8439  -0.3541   2.5902   0.7807   0.9691   0.6136 
 -2.5760  -2.1039   3.3039   7.5737   4.8510  -1.9280   1.3509  -0.0624   1.3149   2.3856  -2.8836   1.6777   1.6919  -0.2315   2.0672  -1.6292  -7.7877  -7.8864  -2.4230   3.2949 
  0.1825   1.4326   1.8802  -0.7600  -3.5028  -2.0654  -2.5905  -1.9780  -1.3931  -2.0377   2.0912  -0.7666  -1.6801   0.1901   1.3312  -0.8245  -0.8221   9.1933   2.6121  -0.4925 
  0.6596   0.5183   0.0656   0.6099   0.2170  -0.2483   0.3752   0.0528  -1.3550  -1.9590  -3.0746  -2.7901   1.7480   0.0667  -1.3253   1.8365   1.2016   0.6331   1.5502   1.2179 
  1.5180  -2.8697  -3.0225   1.1901   1.2949   1.2425  -0.2655  -1.0124   0.1504   0.9476   0.8294   0.4980  -4.6214  -0.4714   2.3140   0.5042   0.0042   0.6173   0.0250   1.1274 
  5.2946   0.9166  -1.6961   2.6183   3.7503  -0.5464  -0.4536  -2.5804   0.7239  -3.0443  -0.9745  -0.5296  -1.2153   0.2578  -4.9483   0.2574   1.6442  -1.7218  -1.0182   3.2654 
 -0.3113   0.1627   0.2010  -0.6825   0.4894   0.3705   0.5406  -0.5307   2.3413   3.1334  -0.2531   0.7289   0.0127   0.8411  -0.5394  -1.5751  -4.4648   3.3442  -1.3619  -2.4473 
  0.7892   1.6007   2.2451  -0.0142  -1.8268   1.0211   1.1632  -0.4310   0.4809   0.7681  -0.3119  -3.1840   1.8621   0.7982   3.9396   5.5125  -9.0182  -7.2338   1.4720   0.3673 
  4.5691   3.1984   0.4848  -1.6299  -1.5279  -0.4613  -0.3940  -0.7641  -0.7740  -1.4705  -2.0718  -3.7739  -3.8204  -2.0882   0.9538   2.3794   3.3309   2.1292   0.9829   0.7475 
 -1.7639  -2.1300   1.8133   5.4637   4.9096   0.4400  -0.2077  -3.2872  -2.8010  -3.3973   1.4612  -0.7884  -0.4468   0.3167   3.0330   3.6546   1.5554  -2.1172  -5.0158  -0.6924 
 -0.9691   2.1549   0.9464  -1.8955  -2.4830   0.5229   1.0573  -0.1544  -2.7731  -1.7762  -1.2133   0.4997  -0.4040   0.0598   2.1564   0.9676   0.1749  -0.3066   1.3334   2.1020 
  0.1735  -0.6351  -2.2851   0.3979   2.1071   0.8723  -1.4327   2.7248   2.2122  -3.8366  -6.8693   2.9956   2.2340   0.2392   4.5854   0.8064  -0.4877  -1.9451   0.1604  -2.0173 
 -3.0467  -2.6229  -0.6828  -1.5402  -4.5504  -0.6274  -1.5654  -1.1048  -5.0244   1.2208   4.3959   1.7152   0.8404   2.3104   3.9110   1.3725   3.6004  -1.5868  -0.0242   3.0095 
  4.6972  -2.0723   3.7478  -0.0539  -1.3604  -1.6975  -5.1051   4.5477   7.4910   0.8111  -1.5236  -2.0035  -2.3201  -1.9156  -1.8399   2.7039   1.1102   2.7618   0.1987  -8.1775 
  4.2697   2.1482   1.1807  -0.8188  -0.0158  -0.9415  -3.1934  -7.6652  -5.2761  -0.4096   0.8289  -0.6591  -0.1321  -2.2645   2.6890   3.5308  -0.1860   2.2844   2.1691   2.4613 
 -2.6176  -1.9646  -0.3365   0.4490   1.7890   3.0096   1.2687   0.1913   0.7099   3.1055   2.4376   1.5156   0.2027  -3.2954  -0.8316   0.6250   2.5125  -1.9645  -4.7360  -2.0703 
  0.9801  -1.1590  -1.1869  -1.8206  -2.6697  -2.2474  -1.9247   1.3390   0.7955   3.2786   2.1796   1.2439   3.8310   0.9791  -3.7027  -2.0691  -3.3297   3.4700   4.0219  -2.0091 
 -1.9305   1.1296   2.7892   3.5086  -0.4192   1.8621  -2.4767  -4.5620  -1.3151  -0.4855   0.2130   4.0896  -0.2763   2.9118   1.5789  -0.3477  -0.8200   5.6054  -7.8822  -3.1730 
  3.5183   4.1815   1.9981  -0.8261  -1.4369  -0.3881   1.0213  -3.8793  -3.6636   2.2621   1.1803   1.7727  -0.7985  -1.2902  -5.0777  -1.2307   0.3381   4.4122  -1.4815  -0.6120 
  4.0477   1.4256  -1.6604  -3.5999  -1.9136  -0.3445   0.3946   1.6694   1.2905   0.9828   0.5724  -0.1289   1.3498   1.3379   0.2067   0.3656   0.2492  -1.2128  -3.2905  -1.7416 
 -2.0178  -2.6699  -1.3526   0.2496   0.4148  -0.8854   1.0823  -0.6203   1.2579   0.4148  -2.2346  -0.4015   1.4157   4.8809   6.6230  -3.5608  -1.8735  -4.5603   3.5038   0.3340 
  1.4937  -1.5420  -2.3850   3.1706   1.4707   0.1938   0.5057   3.8806  -0.0936   0.3334   0.4606   1.4472  -0.9030  -1.4318   3.5118  -5.2689  -1.4235  -1.2997   0.0053  -2.1257 
 -3.6561   0.1855   0.3705   1.1645   0.2341  -0.8092   2.3980  -0.3274  -0.4576  -1.1851  -3.8496   2.0281  -3.3309   0.9466  -0.0780   1.0318   4.0737   2.6190  -0.3495  -1.0083 
 -0.1238  -0.3756  -0.3626  -1.1974  -3.0280  -3.3983  -3.5184  -2.8303  -0.2464  -1.0525   0.7469   1.1667   1.9967   2.0536   5.8842   4.6720   0.6593  -0.2270  -1.2558   0.4368 
  1.4898  -0.0036   2.1872   4.7731   5.3388   2.1104   0.8610  -1.9286  -4.4764  -2.9139  -5.8875   0.1502   2.3687  -3.3444   1.8016   2.0118   0.3480   1.5855  -1.0664  -5.4053 
 -0.2559  -0.0970   0.6606  -3.0637  -4.0503  -2.5522   0.2345   0.1786  -0.3244  -2.5706   1.7286   2.2086   1.6927   2.7400   1.9340  -0.1619   5.4140   3.6846  -5.1534  -2.2469 
  0.7337   0.6464  -0.7291  -0.8337  -0.3024   0.3377   1.5178   1.0116   2.5850   0.9759  -1.3970  -3.2182  -3.6906  -0.0798   3.4993  -1.9939  -5.3046   1.4115   4.7666   0.0639 
 -2.9601  -0.9321  -1.3007  -4.5012  -0.6859   1.6271   0.8938   1.8188   2.7147   2.4868   2.4402   0.6577   1.2040   2.0247   0.2523   1.3499   1.0757  -5.3086  -0.2223  -2.6347 
  1.2887   2.2547   3.3766   1.8575  -1.7910  -1.7548   1.5265   2.7964   1.2240   1.9720   0.2687   1.8100   3.1328  -2.5860  -2.7821  -3.9778  -2.4086  -2.0066  -0.0746  -4.1265 
  0.8108  -0.0118   0.3510   0.2469  -0.3564  -0.0688   2.2772   2.9983   0.0220  -0.8672  -4.8310  -2.0824   0.0877   2.2501   0.0661  -8.6456  -1.6422   4.8643   2.3157   2.2152 
 -2.3502   1.9923   1.6641  -2.2786   3.4633   2.6050  -3.0058   1.5172  -5.3190  -0.9994  -2.4221   0.2495   3.8898  -2.0580   1.1705   0.4058  -1.2798   2.5712  -0.5349   0.7192 
  5.2963   2.7580   0.0542  -1.8363   0.6217   3.1975   0.8761   0.6926   0.1889  -2.2049  -2.6639  -2.3949  -0.4550   0.9028   0.9417  -2.3200  -1.6049   2.2215  -3.0876  -1.1840 
  0.0332   0.6867  -0.5444  -2.6560  -2.3272  -1.9975   2.7492   3.4613   1.2531   2.2970   0.6826   1.6161   0.8081  -2.8567  -0.2510   3.1363  -4.7699  -0.8591   1.4746  -1.9362 
  0.1179   0.1304  -0.0905  -0.0885   0.5876   2.0857  -0.3875  -1.3306  -0.8957  -0.1982   0.8458  -0.0513  -2.2349  -5.5634   7.5385   3.9965  -1.0630  -1.5645  -2.1020   0.2680 
  1.5416   0.4773  -0.0338   0.6704   0.3091  -0.0982  -0.8312  -1.8586  -2.1668  -3.0698  -3.6621  -2.8717  -0.1465   2.9749   3.0473   2.3156  -0.0362   0.7605   1.1471   1.5312 
 -1.4651  -1.1492  -0.6700  -0.6012  -0.1247   1.1550  -0.2106  -1.2695  -0.4411   1.1446   4.1491   2.6600   1.3124   1.6069   0.6316  -0.4851  -2.5715  -4.3867  -1.0040   1.7189 
  0.2437   0.6555   0.3411   0.8466  -1.7425  -0.1636   6.1311   0.6211  -2.7030  -1.5009  -0.1744   0.8660   1.3589   1.2490   1.1273  -2.7402  -0.0949  -1.5440  -1.8610  -0.9159 
  4.3927   3.3672   0.9009  -1.2521   0.6230  -0.5206   0.8245  -0.9087  -1.8374   0.0097  -3.1469  -2.4307  -3.0482   0.2541   1.9480   5.7092  -3.3716  -3.2953   2.6836  -0.9014 
  2.2171   0.1913  -1.6779  -0.9585  -1.3241   0.2292   1.4881   2.7969   0.2756  -3.8207  -2.4695  -0.3208   2.3024   2.5414  -0.1815  -0.2933   2.0837   0.9892  -1.0861  -2.9823 
  0.1186   0.1645  -0.3865  -0.8001  -0.3047  -2.3398  -0.6229  -0.0641   0.8491   1.7026  -1.1341  -2.0704  -0.3123   0.1814   3.8820   1.2943   0.4627  -0.5672   0.5181  -0.5712 
 -0.1015  -2.3234  -2.3520   0.9949   2.2704   0.9946   0.3560   0.9113   0.1017  -0.4530   0.8520  -1.0302   0.8806   0.3674  -2.6615  -4.8900  -2.9475   1.9045   2.6392   4.4864 
  2.3941   1.7010   1.9067   0.4931  -1.4348  -2.6074  -1.1597  -1.0504  -3.0460  -2.8157  -0.6597  -0.5920  -0.3406  -1.1230  -0.8586   4.9381   2.8734   1.4518   2.5923  -2.6625 
 -0.8669   1.9301   3.2551   6.1577   2.0399   2.6785   0.7380  -0.3115   4.7391   1.4868  -6.0175  -7.4317  -4.5623  -0.8590   3.8966  -0.1349  -2.5476  -0.0080  -1.4441  -2.7383 
 -1.8064   0.5147   0.5800  -2.6271  -3.9359  -2.9321  -2.4785   0.6104  -1.7343  -0.3653  -0.3024   0.2350   2.3057   1.9998   2.2392   1.9124   3.0438  -0.2241   5.1672  -2.2020 
  1.8580   3.3342   3.0400   1.0670   0.2251   0.5480   1.7906   0.7871   1.2850  -0.3795  -2.0150  -2.3713   0.5611   0.5214  -0.8547   0.0171  -1.8463  -2.7006  -1.7828  -3.0844 
  1.4841  -0.8100  -2.4242  -1.8509  -0.9746  -1.0553   4.8924   1.3818  -1.8605  -4.3708  -2.0142   6.4457   0.9506  -0.5924   0.1104   2.4175  -0.6754  -0.8459  -0.1554  -0.0530 
 -0.0877  -0.9877  -1.7358   0.3853   1.1022   1.2975   4.3189  -1.9877  -3.1833   1.0392   0.1796   4.1158   1.4650  -1.6177   1.6123  -4.1615  -3.2584   1.2187  -4.3136   4.5989 
  0.4487  -0.1107  -2.0381  -0.2337   2.5745   2.8339  -0.0417   1.4413  -1.4483  -1.1675  -6.2515  -6.9360  -3.2717   4.8492   0.9246  -0.9750   4.1724   1.7821   1.3820   2.0655 
  0.1081  -0.6949   0.1665   0.6685   0.8790   0.7273   0.1766  -0.0005  -0.2218  -0.4294   0.4489  -0.4843   0.2008   2.1975   4.5024  -1.0296  -1.2026  -2.5547  -1.0944  -2.3636 
  2.3396   2.1543   2.2429   4.7578   0.8390  -0.8895   4.6297   0.4985  -2.3653   2.1787  -1.0612  -0.8953  -6.2919   0.5546  -0.4272  -0.9670  -1.9781  -0.4692  -5.5295   0.6795 
  0.1530  -2.1926   2.1973   4.5005  -1.3453   1.3286  -2.0310   1.0783  -1.3510  -0.7983   0.6783  -3.4857   5.3977  -3.6561  -3.5986   6.0882   0.1428  -0.9697   3.0219  -5.1583 
 -2.6086  -0.0766   2.7222   2.0552   2.4096   3.0319   1.0596  -0.1283  -0.8104  -0.2732  -1.4259  -4.0229  -1.4469  -1.6716  -1.1861  -0.9216   0.6780  -0.0004   2.0118   0.6041 
  1.8333   3.1078  -1.8097   1.1817   3.7643   0.5185   1.9828  -0.3454   1.2321  -1.0494  -6.2996   3.9399  -4.6043   2.7296  -2.2906  -1.7821  -0.5503  -0.1687   1.5615  -2.9514 
 -1.9822  -1.7870  -2.0807  -0.6471   1.7376  -0.7108  -0.9897   0.1273  -1.5435  -3.4080   1.1979   3.2003   1.0189  -0.9731  -1.0790  -1.9655   3.5511   1.2692   3.4593   1.6049 
  1.8097   0.7952   2.3044   2.0422   0.0385  -1.4890  -2.6817  -2.4115  -2.0814  -4.7349   1.3168   5.2099   2.0691   0.2209  -0.3967  -1.3910  -0.0825  -1.3970  -1.3074   2.1664 
 -0.6317  -0.6961  -1.7818   1.7212   1.8896   0.7627   6.4133   0.0239  -2.0812  -0.6340  -0.8745  -0.8436  -3.5167  -3.0992  -0.4403  -5.0217   5.7819   4.7221  -2.9383   1.2443 
 -0.8542  -4.8873  -5.4381  -4.2630  -4.1290   0.7749   4.7768   0.2842   0.3115  -0.2820   0.2149  -0.1804   0.6193   5.7873   5.1866  -1.3257  -3.0389  -1.9693   8.9711  -0.5589 
 -1.7203   0.3016   0.2697   0.0913   0.2499   2.9554   0.3320   0.0927  -3.0516   1.3578  -0.8456   1.2764   0.1248   3.9102   2.8147  -2.3847  -6.7532  -2.2614   1.9868   1.2535 
  2.3588   1.8978   1.0798   1.0217   0.8258  -0.3312   0.8967  -0.1754  -0.3981   1.0150  -0.3879  -0.8493  -1.2690  -1.1797   1.5079  -0.1598  -2.3607   1.1269   2.6480  -7.2674 
  1.1746   4.6165   5.4940   3.4461  -3.9021  -1.6050  -0.1323  -0.9380  -0.4156  -1.9000  -0.2856  -1.2349  -3.6515  -2.9147   0.0530   1.1469   0.2371  -1.3253   3.8834  -1.7466 
 -2.2758   1.8844   4.6711   2.2076  -1.3597  -0.4741   0.4627  -0.0358  -0.0017  -1.0258  -0.6957  -1.0270   1.1372  -2.6040  -3.0616  -4.3523   1.6973   1.9314   1.1807   1.7410 
  1.9665   1.3206  -0.1069   0.8467   1.1209   2.6581   1.0313  -0.7646  -0.9327  -0.4666   1.3979  -1.1019  -2.4235  -8.2049   1.1737   4.9310   0.7484   0.2664  -6.0708   2.6104 
  1.1852  -1.5416  -3.6491   4.4048  -6.7437   4.6469   1.6802   1.2910   2.2789   2.7610   1.3944  -0.7732  -5.8136   4.4421  -2.2039   0.8414  -5.8722  -4.6747  -3.6578  10.0038 
 -3.9689  -0.5502   1.1683  -2.1974  -1.9082   0.1416   1.6772   0.3260   3.7162   2.4168   2.6207  -1.7735   1.5236   0.3480  -0.3569   4.1471   1.4471  -0.6226  -8.1997   0.0448 
  0.6532   1.4910   1.2058   1.7096   2.3950   1.7319  -1.5483  -1.8447  -2.2888   0.7634   3.2796   1.6709  -4.9985  -3.0829  -1.1211   1.2229  -0.2209  -1.1940   1.9569  -1.7811 
 -1.9523  -4.3005  -4.5837   1.0346   1.2567   1.0099   3.2344   2.8332   1.1895  -1.5164  -2.2052  -1.2334  -1.4331   2.1022   2.3179   5.6712   2.1958  -2.0504  -2.5243  -1.0460 
 -1.1815  -1.5300  -0.6842  -0.5633  -2.6867  -1.4016   0.6359  -2.0170  -1.2970  -1.6432  -1.0489  -1.3764  -1.1731  -0.5962   3.5229   5.3595   3.1187   3.4061   0.3009   0.8550 
 -3.1382  -0.6280  -0.8774  -0.9941   0.9435   0.9619   0.8520  -3.3796  -3.2423  -1.3758   3.3040   2.2194   1.0056   2.5348  -0.2996   0.9762  -3.7819  -0.3936   5.7234  -0.4105 
 -3.2428  -5.3967  -1.5226   4.3711   2.0836   2.1112   0.7032  -4.0183 -12.6551 -15.4852   0.9361   9.2253  10.5424   3.4081   3.4337  -0.7556   1.6657   0.8127   4.5992  -0.8160 
  1.8248   0.0419   0.5248   1.8646  -1.2814  -2.6618  -0.0669   0.1817   2.2151  -0.8152   5.1179   2.3104   3.6555  -8.7128  -2.0790   1.0629  -0.0963  -1.5473   0.4756  -2.0146 
 -0.1111   0.3482  -0.0235  -0.7175  -0.1449  -0.3857  -0.8724   0.4592   0.4980   0.2237   0.3924   0.2623  -0.5426   0.9370  -0.6701   0.1600   0.1978   1.4707  -0.4540  -1.0274 
 -0.9442  -0.4989  -0.2375  -0.5991  -1.2414  -0.4327  -0.2055  -0.5191   2.6955   3.9938  -2.7275   1.8004   1.9744   1.7067  -0.5541  -5.7033   0.6046  -1.4009  -1.3782   3.6669 
 -0.8575   0.6722   1.8197   2.2695   1.4265  -1.5445  -1.7430  -1.5937   2.0470  -0.1126   0.3473   1.4243   0.9317  -1.3895  -1.0640   0.4664  -0.0706  -3.0958  -1.0532   1.1198 
  0.9735  -3.1553  -4.9524  -1.8534   0.7715   2.4911   5.1271   0.4320  -4.1146   1.1236   2.7184   2.0135   1.9444   1.7813   1.8232  -2.6267  -5.6361   0.3774   1.0979  -0.3363 
  1.9497   1.0413  -1.2191  -0.8636   0.0511  -0.3375  -0.5315  -1.0284   2.1218  -5.0828   1.0827  -2.2172  -1.3936   0.4537   3.3006   0.9962  -1.2147   0.0930  -2.8723   5.6705 
 -3.0064  -0.6690   1.9882   3.1451   0.5101   1.4897   6.0735   3.0322   0.7197   2.5823   0.9024  -1.3595  -0.6102  -4.4164  -5.2345   0.5038  -1.7243  -1.0135   0.3868  -3.2999 
 -1.3127  -0.5603  -0.4395  -0.5779  -1.3273  -0.7737   1.1446   2.1363   0.5709  -0.9646   0.1742  -0.3429   0.7079  -1.3617  -0.1807   0.8278   4.5177  -3.6128   1.9484  -0.5738 
  4.9592   5.5662  -1.4308   2.4625  -1.3728   0.3179   2.5142  -3.1176  -3.0793   2.5866  -6.0767  -3.0209  -1.0428   3.7946   3.4423  -3.9407   3.8680  -5.8781  -3.2612   2.7097 
  1.8752   4.6096   2.6992   0.0622   1.9683  -1.5159  -0.2846   2.0429   5.1916   0.0415   0.4228   0.2499  -1.8859  -1.2282  -1.8414  -3.2239  -2.8594  -2.2718  -1.9470  -2.1050 
 -0.4172  -0.0660  -0.7815  -1.3234   1.6425   1.5960   0.1952   2.8005   1.8348  -0.0556  -1.7528  -0.3330   2.5351   3.2175  -0.0237  -2.6102  -2.3993  -0.4569   0.2104  -3.8124 
  0.5340  -7.1325   7.3739  -7.1474   5.0035   4.0837   1.7481   0.6285   2.1470   3.3649   3.4871  -4.6213   5.3643  -0.8361   2.3067  -0.6517  -4.1528  -4.1599  -0.0969  -7.2432 
  6.4977  -1.8922   6.0123   2.6649   3.9019  -2.9401  -5.9544   6.5995  -3.7727  -1.3909  -4.1986   0.3151   1.1248   0.2299   1.4836  -7.4381   0.2549   4.7727  -2.9947  -3.2755 
  0.0546   0.0075   0.5596   0.2523  -2.3268  -4.5642  -3.6799  -0.8395   2.7336   3.7088   2.7486   2.6118   1.5065   0.0463   0.4170  -0.5592   1.5006  -0.4534  -1.6715  -2.0529 
  2.9815   2.4495   1.7545   3.2822   2.8844   2.5666   0.0398   1.6192   2.6128   3.3153  -4.7284  -2.6356  -1.7561  -4.3333  -3.6328  -2.9815  -0.9212  -0.8755  -0.3601  -1.2811 
 -0.8024   1.2002   3.2220  -0.7626  -2.1102  -1.0525  -1.8044   0.6518  -0.3024   1.2038   0.2348   0.2257  -2.8991  -1.6610   1.3306  -0.9177  -2.5629  -0.6077   5.6868   1.7272 
 -0.1833  -0.3751   0.5635   0.1503  -0.2949  -0.6821   1.4873  -1.2805  -1.3007  -0.6803   0.0098   0.9789   1.7868   3.5914   0.8184   1.0857   6.4677  -3.3457  -6.7060  -2.0913 
  4.2126   1.0339  -0.8906   0.9053   2.8206   3.1913   0.4808   1.7342   1.1617   0.7387   3.7928  -0.7288  -6.1883  -1.6937  -4.9005  -3.6291  -0.7611  -1.4035  -0.2407   0.3643 
 -8.3754  -2.2519   1.3080   1.8062   0.8850   1.6497   2.0880   2.7261   0.2633  -0.5998   0.5979   0.7034   0.9960   2.9711   0.1650   0.8745  -0.1614  -0.6875  -1.3556  -3.6024 
  1.4188   1.0202   1.5256   1.6620   0.7476  -1.4390  -3.4051  -1.8780   0.4521  -3.9741   0.7867  -0.3719  -2.3721  -1.0437   0.6801  -0.2011  -3.0818   2.9062   4.2361   2.3315 
  0.1054  -2.6122  -4.3807  -5.3145  -0.2846   4.3842   3.0170   3.8061   0.7110  -1.0498  -0.2574  -0.9802   0.3402   1.2503   2.5457  -7.8042  -0.1469   2.8259   3.0062   0.8386 
  5.2058   7.1080   4.9534  -1.2430  -6.6855  -3.7117  -6.1961  -2.1515  -0.5576  -1.6169   5.7678   7.7780  -3.9195   1.0323  -4.8749   2.1979  -6.6948   5.7018  -1.1809  -0.9126 
  5.0054   3.2246   2.7220   2.5774   0.3515  -0.4988  -0.6659  -1.1531  -0.3512  -0.2899  -1.1677   0.8076  -0.0710  -1.3279  -1.8820  -2.0262  -1.5275  -2.2770  -2.2582   0.8080 
 -0.3421  -2.1542  -1.9404   1.9715   2.0717   1.2690  -0.5900   2.8831   2.5295  -0.0718   1.0132  -2.1895   0.9449   0.2787   2.8471   3.2171  -2.0622  -4.9892  -4.8142   0.1278 
 -3.5648  -4.5220  -3.8219  -0.0484   2.5590   3.3348   4.6892   3.0890   3.1738   2.4402  -0.3648  -2.0478  -1.8476   0.1171  -0.1749  -2.2364   0.1988  -2.2378   0.6726   0.5920 
 -2.5566  -0.8410  -0.4280  -0.4406  -0.5726  -0.3279  -1.8710  -2.4830   2.8140   4.1548  -1.1877  -1.2228   1.1741   0.7041  -4.1128   0.8974   1.6460   2.7315   1.4956   0.4265 
  0.6395   0.6244   0.2175   0.2548  -0.6436  -1.4509  -1.2471  -1.8889  -1.6984   0.6300  -0.0902  -1.4274   1.6267   2.2897  -1.4907  -1.0863  -0.5990  -0.3234   4.5402   1.1229 
 -3.0281  -3.4576   0.2465   1.1848  -0.3128  -1.4112  -1.7883  -2.4368  -3.6604   0.2309   4.1432   0.2306   3.9874   1.3414  -2.9661   0.2318   1.3943   2.8996   1.0512   2.1197 
 -6.4523  -0.8108   3.0394   2.9265   1.7276  -0.6852  -1.3401  -1.2086   0.2339   0.6323   0.9584  -0.4322  -0.4865   1.1438   3.9792  -0.5978  -3.3409  -0.0134   0.1557   0.5712 
  0.8836   0.6632  -0.5682   1.0909   1.0200   0.2143   1.7898   0.4314  -1.2105  -1.6888  -2.8939   1.5904   1.4323   5.0287  -2.4090  -2.6282  -1.2927  -1.8499  -3.8726   4.2691 
  2.7571   0.5054   0.5914  -0.4593  -1.9535  -2.8534  -5.1043  -5.0146   0.3167   1.9210   1.9920   1.2596   1.2329  -1.0134  -2.2148  -0.9619   3.3405   0.4893   1.9185   3.2509 
 -7.8257  -8.0514  -2.2922   4.6049   1.7841   0.2877   2.4600   0.2299   0.3961   0.7952   4.9841   0.5914  -3.3601   1.4043   5.5671   2.2508   0.0018   1.5100  -2.0511  -3.2867 
  1.5686   1.2169  -0.6391  -2.6751  -3.0325  -3.9104  -2.5516  -0.9763   6.3909  -1.3255   1.3817   1.7409   2.2064   2.8908   0.3118   0.3554   0.3092  -0.0695  -2.5566  -0.6363 
  1.1784   0.7886   1.7506   3.8841   0.1097  -3.4846  -1.1668  -0.2517  -0.3004  -0.0493   2.0270   0.2092   1.5440   3.4255   0.2943  -0.8517  -1.6072  -4.0976  -5.8976   2.4958 
  0.9988   2.8848   3.2891   3.3681   1.4676   3.2906   1.3735   1.1970   0.4611  -0.5875   1.7464   0.9583   0.5681  -1.4825  -4.2976  -3.2226  -2.3712  -7.0782  -2.8558   0.2917 
 -0.2746  -0.1545  -0.1213  -1.7658  -0.9647  -0.8990  -2.2776  -1.6043   2.1487   5.2377  -7.3002  -1.2976   0.8951   2.6087   1.9104   0.8944   4.2107   2.4289  -0.6124  -3.0624 
  4.5993   2.8908   2.6348   2.5753   3.5423  -1.3467  -3.6340  -1.3719  -1.5896  -1.7807   0.4182  -0.4869  -0.0081  -1.7322  -5.0302  -4.0281   3.2297   0.1854   0.7317   0.2006 
 -3.2143  -2.4079   2.3832  -1.4835  -2.9589  -4.3471  -9.4701  -8.6980   2.2131  11.9939   3.4222   5.6731   1.0493   0.9347   3.1770   3.6996  -0.0115   2.2951  -2.8928  -1.3571 
  2.2986   0.5686  -2.7234   0.0628   3.3595   3.0322   1.2528   0.1697   0.2877  -3.1109  -4.5198   4.2898   4.5477  -0.5365  -2.9437  -1.7760  -3.4896  -0.4971   0.5506  -0.8230 
  0.0226  -1.9088  -4.1034  -3.5139   1.8311   6.6465   1.9042  -0.2585   0.4811  -1.3603  -0.8669  -2.6469  -2.4021  -2.3699  -1.0708   1.8059   0.3697   0.3642   3.4726   3.6036 
  1.8666   0.3455  -0.4415   1.4530   2.1752   0.4141   0.9988   0.9339   2.0369   0.0808  -1.3138  -1.2683   0.1032   0.3074   0.3794  -2.2480  -4.4451  -2.7006   1.2456   0.0770 
 -0.9714   0.8948  -0.5528  -1.5023  -2.1884  -1.6190  -2.6643   0.3765   5.2588   1.9474   4.7336   6.0668   0.9206  -6.1173   0.2687   4.2344  -2.7801   4.7836  -5.9468  -5.1428 
 -3.5447  -2.6492  -1.1225   1.1104  -0.6763  -0.3734   0.7874   2.9348   3.7914   3.3802  -3.0687  -1.7645  -1.7552   0.4322   1.5566   3.1434  -2.9717   0.2913   0.3294   0.1693 
  2.3099  -0.6833  -2.4051  -0.8700  -0.1793  -0.7055  -1.1773   0.0766  -2.2742  -3.5734  -2.1986   0.6775   0.1605   0.0083   4.2284   1.3025   3.7892  -0.0746  -0.9582   2.5465 
  0.9486   0.1048   1.8316   3.4918   2.1758   1.1342   1.0848   2.4632   0.0993  -1.9453  -1.1703  -1.6274  -2.0353   0.8991   0.4736  -4.0911  -2.9565  -2.3552  -2.1133   3.5874 
  0.6208   3.4997   6.2697   4.2107   1.2652   2.1894   1.1355  -2.5271  -2.9525   0.0535   0.3829  -2.5199  -2.9063  -2.7287  -1.9607   1.4600   1.2748   0.4400  -4.8467  -2.3602 
  0.5243   2.9289   2.2684   0.4191  -2.1542  -0.2881  -0.2706   0.6758   5.4475   1.1883  -2.5477  -6.5024  -4.1506   0.6656   0.9576  -1.2352   1.0736  -4.8441   2.5699   3.2741 
 -0.7794   1.1463   3.5016   1.1120   0.8485  -1.0628  -0.8132   3.8405  -0.3344   1.2653   0.4357   0.5494  -2.5741  -2.4964  -3.4166  -4.9706   4.8271  -4.7341   1.1838   2.4711 
  1.8447   1.0979  -1.7573   0.3863  -0.5133  -3.1578   0.0583  -0.5417   4.1974  -4.6030   0.1241  -3.2329   4.6242  -4.6647  -2.4610   0.5959   3.2183  -1.2626   5.6612   0.3859 
 -2.3894  -1.0328   1.7896   5.5648   5.2220   1.8869   1.0956  -0.1977   3.2983   0.9466  -2.0813  -0.1679  -0.5816  -0.1714  -2.7510   1.1951   1.5496   1.6400  -5.0073  -9.8080 
  0.7738  -1.7298  -3.2257  -0.3183   1.9284   1.7227   0.8166   0.9095   0.5332  -0.5016  -1.2660  -1.9608   2.0035  -2.6922   3.7039   0.8905  -0.7247   2.7531  -3.0591  -0.5571 
 -0.0748  -0.5070  -0.2516   1.7723   1.4041   4.3520   1.7022   1.0990  -1.4641  -2.3620   3.1174   0.5476   1.5192  -1.9294  -4.9678   0.2919  -3.1451   1.3976  -0.5997  -1.9017 
 -0.3043  -4.5751  -6.4864  -2.8079   2.8553   1.4264  -0.6290   0.8259   1.1617  -0.8255  -1.1913  -0.9336  -0.8179  -0.6841   2.7254   1.9190   4.4832   2.4919   2.0452  -0.6788 
  2.9368   3.5644   3.7164   3.7726   0.3148  -2.5071  -1.0177   0.4365   0.4818  -2.1099  -3.0728  -1.1823  -1.8323  -2.5460  -3.2217  -2.5081   0.1068  -0.3340   2.0018   3.0001 
  2.0122  -0.8437  -0.0894  -3.5669   0.2151   1.3672  -1.1852   2.2748   0.2674   2.1266  -4.5961  -3.5181   1.6410   4.2095  -4.0873   0.0362   3.5548  -2.6567   1.8468   0.9915 
 -2.9528   1.3693   1.3737   3.6447   4.6399   3.0004  -0.4081  -0.5069  -2.0885  -2.1563   0.7639   0.4790  -2.4821   1.6495   0.8280  -0.4457  -4.8607   3.5285   3.1896  -8.5655 
 -4.4449  -2.6584  -0.3396   2.7055   3.1313   2.6691  -0.1405  -2.6920   1.1380   5.9263   0.1508  -2.5031  -2.5963  -2.2339  -0.4387   2.7348   0.1166  -2.0958  -0.1884   1.7591 
 -0.4506  -2.2585  -2.0183  -1.2141   2.3804   5.1371  -0.1012   0.7185  -1.9558  -5.5843   1.7274   2.5676   1.3295  -2.3148   3.4722   0.9168   0.3809  -1.2468  -0.6805  -0.8055 
 -0.5741  -1.3187  -1.6054  -1.8387  -3.0009  -2.2631   1.6411   1.0542   0.8630   1.3059   0.6660   0.5171  -0.9355  -1.8837   0.8703   0.3850  -0.0855   0.2754   4.4605   1.4674 
  4.0853   2.9178   0.0251  -1.7053  -2.9819  -2.0918  -1.9947  -0.8293  -0.6373   0.5052   2.1796   2.6733  -1.7046  -0.6344   1.3620  -0.4864  -2.0884  -1.6708   1.5012   1.5754 
 -1.5635   2.8252  -0.9149  -3.0463  -4.7327   2.7084   1.1209   0.7968   0.7865  -1.2527  -0.1248   2.6941   2.7972   2.2336  -0.0652  -0.4532  -2.9265  -0.0560  -0.4324  -0.3945 
  2.4620   0.7164  -1.5674  -3.1513  -1.6402   2.4149   2.9010   2.5761   3.2262   0.0749  -4.5314  -3.4112   0.2922   1.0743   0.0408  -1.5976  -0.5032   0.6577   0.7598  -0.7940 
  1.9710   1.1730  -0.6838  -2.2094  -1.9356   1.4952  -2.0825  -0.2927   0.7657  -1.8337   4.4472  -3.8324   0.7557   0.0732  -3.6271  -1.9071   4.3140   2.4552  -0.0317   0.9857 
  3.7325   2.7934   1.0157  -1.7096  -2.8454  -1.8953  -0.7562   0.3146  -0.3781  -1.0020  -1.6158  -0.3984  -0.0573   0.9972   1.0112  -1.0599   0.0370   3.6124   1.1087  -2.9047 
 -1.4832  -1.9899  -0.8731  -0.9330  -2.9066   2.3820  -0.1603  -0.7170  -1.1285  -0.9274   2.1578   6.4011  -1.6535   2.3099  -1.6654   3.7268   0.0883  -1.8527  -0.5184  -0.2568 
  0.6353   1.3687   1.8257   0.3226  -0.8766   1.0000   1.0853   1.2934   0.8779   1.7553   1.1543  -2.0442  -1.6763  -0.4593   0.9294  -1.2072  -2.2593  -0.6144  -2.8074  -0.3032 
 -1.2070  -1.3475  -1.8312  -1.7806  -2.9611  -3.1818   2.9332  -0.1240   0.1906   2.9202  -1.8371   1.0525  -2.0319   2.7074  -2.1979  -1.3072  -0.5591   3.0013   2.6600   4.9011 
 -5.1303   3.3870  -3.7967  -1.9466  -5.3864  -1.1368  -0.5684   3.7351  -0.5755  -3.2378  -4.4250   2.0350   3.9372   5.4701  -2.7768   5.9464   6.6849  -3.7875   1.9948  -0.4230 
 -1.3037  -1.9678  -3.1520  -1.4018   0.2092   2.8010   2.0760  -0.3324   1.0911   0.9050   1.7187   3.4255   1.0022   3.5722  -3.5224  -4.7658  -1.0745   0.2766   1.2898  -0.8471 
  1.9772  -2.9635  -3.0240  -2.2547   0.1703   1.7771  -1.6073  -3.1859   1.5410   1.4356   0.9203   3.9297   4.2495   5.7007  -4.0193  -0.8612   1.6423   0.8844  -5.1605  -1.1517 
  2.9132   0.8992  -1.0688  -1.5448  -0.9185   0.4003  -1.7700  -2.7768  -1.4639   0.2261   0.7139   1.7997   3.0514   3.3204   0.6803   0.9792  -0.2717  -2.6450  -0.2252  -2.2988 
 -2.9741  -2.4804  -3.0116  -3.1521   0.1074   1.3714   0.6662   2.0637   1.7849  -0.4611  -0.7720  -1.6172   0.8203   3.4203   0.8069   2.2581   3.2451   0.5915  -2.2429  -0.4245 
 -0.8028  -0.2290   0.2137  -0.4319   0.5580   0.2543   0.9172   0.8892  -0.4807  -1.2827   0.9202   1.1454  -1.6931  -3.6479   0.4568   3.9049   1.2435   2.6145   0.7928  -5.3425 
  2.6190   1.9162   0.9769  -0.1078  -0.4290  -0.3650  -2.8284  -4.4494  -5.9910  -4.8405   0.7110  -0.4595   0.2195   3.3942   0.9527  -1.8867   3.8742   3.7699   1.2150   1.7087 
  1.8829   0.7201   0.6607  -0.0626  -1.1940  -1.4411  -0.0944   0.1172  -0.7491  -0.3712  -2.5287  -2.1899  -1.2280  -1.4906  -0.5689  -1.4885   2.7842   4.0586  -1.1367   4.3200 
  4.6710   0.9897  -0.6156  -0.6851  -1.4120   4.1532   4.4321   1.1339  -1.0985   0.5736   1.4085  -4.6356  -3.3117  -1.5968  -3.4345  -0.7293  -0.0528  -0.3096  -3.6684   4.1880 
 -2.5398  -1.3830   0.0979   1.9654   3.5192  -0.0522  -3.2870  -3.8507   0.6356  -0.9850  -3.0198  -3.7269  -0.8310   1.9829   1.8339  -0.8073   0.2152   2.0459   6.1180   2.0688 
  0.4962   3.2227   3.5953   1.3395  -3.4218  -4.9933  -1.9981   0.9513  -1.0998  -2.7535   1.3298  -0.6976   0.0716   0.7392   5.8854  -4.3047   2.1890   1.9699  -2.4444  -0.0765 
 -5.8327   1.1129   0.8081   5.6003   5.5684   4.7020   2.8089   0.4347   1.1649  -4.9188 -11.4465  -1.3196   0.4225  -2.4705   0.3286  -0.0113   8.7340  -2.1220  -2.1264  -1.4373 
 -1.6231  -1.3969  -2.0111  -1.2620   4.3084  -1.2012   1.2341   0.1866   0.0635  -2.6548   2.3896   1.8088   0.0290  -4.3105   3.9166  -0.0331  -0.3748  -2.4710   1.0435   2.3583 
  0.6310   1.3989   1.5277   0.7608   1.0894   1.7235   2.0681   2.3537   0.9918   1.2164  -0.3325  -2.2666   0.1756   0.1615   0.5196  -2.6730  -7.1201  -2.9272  -5.4551   6.1563 
  7.8768   5.4153  -2.5369   0.0405   4.1259  -0.2108  -4.6599  -0.9803  -1.3472  -5.5873   0.0334  -6.0975  -0.7915   0.7551  -0.1575   2.8766  -3.5702  -0.2561   4.0100   1.0615 
