20 512
  6.7484   7.6125   6.0332   5.2789   1.5239   2.2353   2.0748   0.5289   0.8748   2.5432  -2.2863  -3.1910  -0.0434  -1.9857  -3.3605   0.7069  -5.9493  -0.5672  -0.6798 -18.0977 
  4.0503   3.9086   2.9225   2.3773   0.6580  -0.4363  -0.0644   2.4063   1.3428   2.4542   0.5275   0.9820  -1.3277   0.6811   0.0273  -0.1838  -0.0222  -0.6478  -2.2405 -17.4152 
 13.3284  12.1212  10.6531   9.8214  11.0388  15.8120  19.7110  16.5488  16.1068  15.8771   7.2553   4.2486  -6.0036 -12.5476 -20.1299 -28.2803 -25.3971 -21.7907 -11.5143 -26.8590 
 21.4405  18.4703  17.8693  14.9679  11.2994   6.4906   4.7717   0.1959  -0.8801   1.8991   1.9793  -4.9755  -7.7852 -10.0492  -8.5295  -8.2893  -4.1203 -12.4072 -16.1660 -26.1817 
  4.0023   3.8279   1.2681   1.0053   0.7002  -0.3886   3.4465  -1.4055  -6.7846  -2.3345  -2.9050  -0.1344   3.4192   2.4319  10.0096   3.9279   0.6807   0.3220  -3.8325 -17.2565 
 29.8276  21.1543  12.7853  13.0246   5.8164   3.7469   2.4198   0.1510  -4.5449   5.2695  11.7552  -4.8954  -6.0291  -8.9780   4.9650 -10.6540 -12.5363 -21.6056 -18.2985 -23.3739 
  4.8610   5.1207   6.5382   9.8638  15.4754  18.8192  14.8018  10.7685  12.4401  14.0392   2.9200  -3.7283  -9.7213 -13.5526 -16.0730 -13.7571  -5.4267 -12.2552 -14.5143 -26.6193 
  3.0429   3.0335   4.4785   5.6483   5.3476   5.7519   3.5651   4.9007   4.9672  -0.7330  -0.6458   6.5888   5.2957  -2.0068  -6.0189  -7.2145   2.5545  -5.8358  -7.4936 -25.2263 
  5.9384   7.0203  10.7433  15.2477  14.8437   8.0949   3.1384  -0.0014  -0.1756   2.1601   8.1029   0.4123  -6.8062  -9.6038  -6.2302   0.4409  -8.9878 -10.1638  -4.6903 -29.4840 
  7.1880   6.1134   5.4021  10.5427  17.0718  14.5658   6.8632   2.2257   0.4412   3.8257   9.0388  -1.1212  -6.7639  -9.2412  -8.6575  -2.9951  -8.6659  -9.4220  -6.6046 -29.8068 
  9.8859   4.3889   3.6253   3.2033   4.6563   4.5967   1.8747  -0.0037   3.2114   3.8854   3.1501   0.8523  -5.2830  -8.4603  -5.1159  -3.9157   6.9800  -1.5270  -6.0421 -19.9624 
  7.6208  10.1888  12.8648  16.4838  14.9269   7.8064   3.5594  -2.8048  -3.6303 -10.8596  -7.1254  -2.8890   5.4295  -2.5015  -5.5359  -2.9934  -6.5980  -7.1493  -4.9387 -21.8545 
 12.7227  17.1387  21.7055  19.8068  12.1832   5.8645  -2.4103  -3.8445  -5.5496  -5.5608  -0.2010   5.1772  -1.4666  -6.6602  -1.2573  -3.1593 -10.7925 -14.3751 -12.0047 -27.3167 
  7.4465   7.8765   9.4912  12.2074  12.1631  11.4780   7.6294   2.6922   0.1566  -2.1903  -1.5699  -1.8031   2.2555  -1.5591  -7.9267 -10.3612  -5.5432  -5.5673 -10.0797 -26.7960 
  0.3749   1.9725   2.6868   6.3326   8.9635  12.8113  13.6523  14.0916  11.2443   1.2914  -1.9954  -2.9443  -4.6718  -4.3132  -3.4613  -8.1105  -7.9033  -7.0956  -6.5898 -26.3361 
 10.3072  10.6822   8.8253   4.8992   4.3627   8.8165   9.7824   3.7264   0.4265   0.6068   3.0934   2.9121  -0.6717  -5.8045  -1.7344  -9.1008  -8.8333  -6.0633 -11.2321 -25.0005 
 10.6992  14.8060  18.9665  22.4210  21.8710  15.6647  10.6160  12.1366  14.0479   7.0707  -3.8212 -12.1770 -16.1111 -19.3389 -18.8315 -17.5346  -7.9646  -9.4592 -17.5614 -25.5000 
  9.9592  11.7001  14.2704  14.1434   7.3322   4.2766  -0.0567  -2.7113  -5.7358  -6.7390  -5.9067  -0.1939   4.8177  -3.9810  -7.2528  -3.2695  -1.5685  -7.8940  -6.3355 -14.8548 
 17.6322  19.5153  22.4362  16.2943  10.4698   2.5066  -2.3936  -5.3770  -7.9766  -9.8004 -12.9640 -13.1015  -9.8076  -5.7565   1.8732   0.4843   3.3621  -1.0048  -4.8377 -21.5543 
  9.9491  17.4987  23.2236  17.3142   6.8072   6.6873   1.9421   1.1415   2.9409   6.8470   2.4633  -7.2869  -8.9792  -3.3155  -0.1918 -11.8037 -18.6298 -12.6475  -9.7620 -24.1984 
  9.2080   9.9971  12.5064  20.0609  20.9647  10.9574   7.4360   4.4943   4.8454  11.0636   1.8176  -7.3479 -12.5617 -15.3912 -11.5022  -5.0309 -14.7556 -15.4294  -6.4150 -24.9176 
  7.7917   9.3291  11.8185  15.3501  19.3235  20.6869  19.8160  14.6028  10.2893   9.9407   9.8534   3.6182   2.7695  -5.2735 -19.7962 -24.6834 -27.0316 -25.6805 -24.9149 -27.8096 
  0.1108   3.1261   6.8163  12.4528  16.9192  10.8153   2.6109  -0.2652  -4.8897  -6.1056  -7.3218  -4.4594   4.3004   3.7728  -2.8276  -0.0458   1.0104  -6.4884  -6.4860 -23.0456 
 12.9442  10.3059   3.1303   2.1611   1.4795   2.7580   6.9527   8.4487   7.1533   1.4465  -0.9113  -3.9971  -4.9090  -5.3881  -3.1011  -0.4922  -1.1819  -5.3279  -8.2374 -23.2345 
 25.0945  17.8572   8.9500   2.7040   0.2187   1.4115   0.7421   0.5831  -0.3096   0.9334  -2.9667  -4.0352  -2.8473  -4.8594  -4.5863  -4.4311  -2.8466  -4.4808  -5.1669 -21.9645 
 14.6124  19.7986  21.2066  15.7620   8.7509   3.7653  -0.5239  -3.8894  -6.8522  -8.4979  -8.1879  -5.8438   0.5485   6.7415   0.4745   2.6750 -10.3676 -15.0245 -12.2357 -22.9125 
 11.9959  12.9771  17.1177  21.5310  16.8892  10.8731   9.7276   8.5106  12.9569   2.2512  -6.9324 -13.2124 -16.5380 -18.0518 -16.6252  -9.7038  -6.1220  -8.7542  -6.8998 -21.9905 
 12.8107  14.5670  13.4289   7.1693   3.4265   3.1397   2.5457  -1.2214  -0.3887   2.4506   3.9777   0.9056  -6.9195  -7.3811  -3.2619  -0.3714   2.6266  -6.3479 -12.2319 -28.9244 
  2.6437   2.2575   3.8643   6.0625  10.9091  16.9554  21.5045  12.7233   9.3579   9.4439  12.8585   4.4528  -2.4283  -4.7330  -2.2502 -11.3098 -18.5273 -22.4570 -23.1304 -28.1976 
 10.5757  10.9392  14.0126  18.2101  14.3745   8.6896   4.9080   1.0411   2.3482   7.2221   4.5440  -5.0353 -11.2852 -13.0882 -10.9600  -3.0288  -9.5005 -10.2217  -6.6739 -27.0717 
 14.6172   4.5412  13.3824   9.2916  19.2818  13.6563  14.4089  10.1260   1.6926   3.9361  -0.6461  -5.1244  -9.3641 -13.9807 -11.4128 -11.8597  -0.8237 -20.3149 -12.3561 -19.0515 
  4.0591   4.6177   7.7662   6.8737   9.4052  10.1099  12.8714   8.1202   6.6015   7.9224   1.7548  -1.6325  -4.8379  -5.0955  -2.1947  -8.4220 -11.8799 -10.7107 -12.0066 -23.3222 
 -3.3385  -1.1297   3.0554   4.9769   3.8625   8.6998   8.0974  -0.5519  -1.0699  -5.4771  -4.7235  -4.8192   7.1236  -0.4895  -2.0107   0.1838   3.5180   3.2804   3.1904 -22.3779 
 10.9362  15.2821  18.1297  12.4682   2.6895  -1.2007  -1.7676  -6.1681  -6.0524  -5.8064  -3.1002   4.3237   2.0263  -5.5109   1.0348  -0.4760  -4.6274   1.4107  -7.5329 -26.0586 
 27.0648  22.2199  14.8908   7.7845   2.8689  -0.0364   0.0683  -0.1186  -1.6323  -2.4217  -4.0112  -2.3476  -5.4442  -5.8509  -6.4386  -6.2558  -6.7739  -5.9348  -7.0916 -20.5398 
  4.3156  -0.2499   1.1824   2.8225   8.1910   5.2798   2.2597  -3.0043  -5.0382  -5.2727  -4.0013   2.6952   8.1245  -1.1517  -1.8957   2.4603   3.0897  -1.0817  -0.1353 -18.5898 
 17.5894  22.9315  26.4862  22.1620  13.7474  13.5177  15.2005  16.3224   4.9523  -4.2419  -8.3503 -12.4022 -12.6698  -6.7159 -16.2122 -20.1926 -20.5969 -16.0749 -12.5173 -22.9353 
  6.5871   8.0443   8.4339  11.3345  17.3665  13.4455   6.9211   2.0512  -0.7348  -1.2898   1.0076   8.4862  -0.3360  -6.4714  -5.9432  -4.1602 -12.1155 -12.4645 -10.9269 -29.2355 
 19.0066  20.3716  18.0417   9.4806   4.8058   0.3359  -4.1091  -8.1930  -8.9962  -9.7495 -13.2924  -8.6275  -4.9424   6.0502  -6.8142  -7.1166  -3.0922   8.8016   5.6937 -17.6547 
  4.7309  -6.5949   4.9914   7.3489   9.0188   4.1567   7.1949   0.4917   5.0462   7.5219   1.5314 -15.3803   5.3130  -0.0983  -7.0327  -1.2671  -0.4646  -1.6442  -0.7446 -24.1190 
 13.7639   5.1424   5.3193   3.8945   3.9574   1.4034   0.1896  -4.0608  -2.5264  -4.9434   2.8459   2.6311  -2.7915  -3.7842  -0.3711   0.5487   5.3766  -4.3496  -3.2801 -18.9656 
 12.6752  14.7799  16.2157  18.6944  14.1390   7.0937   3.8206  -2.4778  -3.9766  -4.4531  -2.8711   3.2148   0.6800  -9.1748 -10.1600  -6.0557  -0.8581  -9.2828 -14.0109 -27.9924 
 15.0025  18.2042  22.4086  21.6195  14.2308  10.5772   6.7291   6.0463  11.7877   8.4162  -3.4731 -11.2708 -15.6923 -17.5613 -14.5235  -4.5248 -17.8954 -18.3529 -10.3105 -21.4173 
  2.5368   2.8687   8.7229   5.2089   8.9671   2.8847  -1.3535  -4.4273  -4.9060  -7.8939 -15.4750 -10.4797  -4.4811   6.5892   9.9939  12.9078   3.2705   1.3246   3.7883 -20.0468 
  8.5207  11.8364  16.4466  19.9166  16.0662   8.4129   4.3290  -0.8928  -3.7592  -5.4071  -4.2870   0.4615   9.9611   5.8190   1.7969  -7.7765 -17.3073 -19.5235 -17.7924 -26.8211 
  3.0595  10.0158  11.1623   5.9413   3.1988  -2.1129   0.3528  -3.0158  -2.3599  -1.3347  -1.0479   3.9189   7.8019   3.0538  -1.6139   0.8043  -4.9290  -6.9959  -7.2918 -18.6077 
 17.8476  19.4332  25.4614  19.1508  12.2748   9.4543   6.1101   3.6929   2.9336   5.5407  -9.2238 -17.0071 -20.8856 -22.9308 -21.1711 -15.0234   4.8627   2.2867  -2.1943 -20.6125 
  9.6165   8.8018  11.1694  14.6183  18.4154  13.4481   7.1580   4.1650   1.8242   0.9521   5.1356   4.0270  -5.9523 -12.0202 -14.3055 -10.5893  -2.8308 -12.2805 -13.3723 -27.9806 
 13.4166  16.7617  20.6572  22.0976  15.9129  10.6410   5.4061   3.1570  -0.7256   1.2303   5.9463   5.1273   3.4864   1.6884 -10.9215 -19.5567 -22.8693 -20.4758 -24.0420 -26.9379 
  8.0404  15.9476  21.0441  15.0820   8.2842   3.1036  -0.2419  -4.2559  -6.0751  -7.4529  -5.5847   1.5520   8.3483   3.3751  -1.0503 -10.4691 -11.9360  -5.5738  -6.8713 -25.2662 
 19.9950  20.2102  18.7443  12.7220   5.8592   3.8088   0.4504  -1.5876  -0.0425  -3.0873   5.5382  -0.1499  -5.8500  -7.9372  -6.2374  -0.2643 -15.0702 -16.9914  -9.3644 -20.7458 
 -2.6024  -7.4950  -1.2522   3.5119   3.9726   3.4991   2.4457   3.2158  -0.1830  -1.7087  -7.3996  -6.8962  -5.2421  -7.5762  -9.1433   6.6126  10.5297  10.4556  18.2991 -13.0433 
  0.8317   2.2343   3.6899   5.6335   5.8479   6.4330   6.0022   5.3630   2.3387  -0.5344  -1.0716   0.6509  -0.7175  -4.0229  -6.0631  -4.7546  -1.9700  -4.6226   0.0933 -15.3616 
 -9.3660  -6.9175  -4.9307  -3.1828  -1.6587  -1.4971  -0.1586   0.6208   0.5169   2.4709   4.6017   5.3127   4.5449   3.2690   3.7590   3.4511   3.8260   3.9369   4.8805 -13.4790 
 -1.1830   0.5095   1.1754   2.3109   2.2722   1.3243   1.6529  -0.1799  -0.2874  -1.2863  -2.2761  -1.5668  -1.2037  -2.4367  -3.9243  -2.1186   2.3502   1.4312   9.5827  -6.1467 
  9.2349  10.7650  18.1608  20.6655  13.5769   5.4902   3.0323  -1.0259  -0.5010   1.7689  10.3810  12.0253   9.1922  -4.9615 -15.0315 -19.9651 -21.4377 -17.6800  -6.4577 -27.2328 
 10.6391  10.7983  11.4949  16.5329  19.2664  13.6129   6.1846   2.4573  -3.1501  -7.1814  -7.9387  -2.6238   4.6419  -5.9113  -9.3510  -7.0591  -3.2275 -10.2820 -10.5308 -28.3726 
 18.6364  19.3874  19.5930  14.3075   9.4402   3.6045  -1.9801  -5.5352  -9.0094 -10.9308 -12.7345 -14.0779 -10.9593  -3.8674   6.3753   9.5959  -1.4018  -7.4988  -6.1435 -16.8015 
  9.4969  11.3591  11.5468   7.8918   4.7217   3.0266   4.2145   2.2878   1.2224   5.6903  10.6919   4.2718   0.7184  -3.7583  -6.7954  -8.0558  -7.9668 -10.2861 -12.5018 -27.7759 
  1.9805   4.9512   7.0160   7.8284   8.7891   8.0863   7.7994   7.9865   8.6027  13.1944  14.7771  11.0643   2.1716  -5.7171 -10.9834  -8.7615 -16.8907 -14.3039 -17.4732 -30.1175 
  7.4683   9.4924  11.1231  14.0490  15.3387   7.9538   5.2116  -0.0275  -3.0014   0.1050   0.6547   7.9660  -2.3476  -7.0894  -4.6113  -2.0949 -15.9720 -16.2041  -7.4758 -20.5386 
  4.8388   4.2032   3.5738   6.4994  10.8701  16.7006  14.8672   6.7149   3.1448   0.6167   2.5321   7.5899   1.6456  -3.0073  -4.4465  -2.3406 -11.2907 -15.6965 -17.0827 -29.9328 
  9.8208   5.5733   3.2835   2.3197   5.4502   9.1113  10.3794   8.6442   6.0107   6.4897   4.2548   1.1709  -4.1757  -9.6942 -10.5243 -11.8609 -10.0641  -3.4488  -2.2532 -20.4873 
  5.8783   5.8851   7.6595   5.2009   5.1000   1.9820   2.2615   1.4023  -1.1079   1.1247   3.7199   2.8362  -0.5182   1.4421   1.5607  -8.4521  -3.7106  -1.6008  -5.2750 -25.3888 
 13.8298  17.3228  17.9494  18.8765  12.6415   7.5326   5.2828   1.0300  -1.0231  -5.4994  -6.6194  -2.5155   4.6895  -3.4515  -7.2113  -4.1051 -13.7542 -14.3604 -11.8611 -28.7541 
 -8.8559  -3.0649   2.2249   4.9828   6.4170   6.9906   9.9342  12.0149  12.2463  14.3103  18.4345   6.3234   4.2404  -2.7341  -6.9396 -10.7644 -10.1668 -12.3674 -16.3891 -26.8371 
 10.9983  13.5279  16.2801  19.6892  16.9475  11.0028   3.9633   1.1799  -2.0078  -0.9850   2.7247  -0.1311  -6.6215  -8.5890  -4.3971 -11.9543 -15.4358 -13.3278  -4.8427 -28.0217 
  7.2013   9.1028  13.1142  19.8377  22.5360  16.6528  11.8330  10.3141  12.9885  15.8372   9.0995   8.4627   1.1838 -14.4656 -21.4397 -23.6775 -22.5547 -24.8595 -24.4974 -26.6692 
 -8.4073  -6.6779  -3.9580  -1.6241  -2.1470  -2.2867  -2.2534  -3.0205  -4.5931  -2.5545  -2.1350  -1.3098   1.1053  -1.1397   1.2170   6.2234   3.6093   9.8015  23.5766  -3.4260 
  9.6955  11.4467  15.0851  15.4765   9.8267   3.5490  -0.5777  -2.7726  -5.1878  -5.7225  -4.4558   0.4969   9.2914   5.8917   6.4235  -4.2514 -11.0149  -9.4893 -13.0444 -30.6665 
  2.9943   1.4307   0.8714   2.2925   2.1145   2.9148   2.4003   1.9382   1.6662  -2.3476  -2.0877  -1.9322   3.3342   1.7171  -0.9114   3.2785   1.7852   1.4651  -1.3549 -21.5695 
  7.7138   9.3400  11.7519  14.3217  14.9762  11.0903   9.9040   9.3599  10.4611   6.3795  -3.9927  -7.6734 -12.4888 -12.1729  -5.7999  -5.5417  -9.5690  -9.5926  -7.6846 -30.7825 
  4.4498   9.2290  15.0677  17.9679  11.2745   2.6730  -0.9888  -5.6255  -7.5349  -8.4589  -8.4510  -5.5027   1.7669   4.3143  -4.8629  -2.0721   4.6797  -5.0125  -4.4213 -18.4923 
 11.1829  12.4396  12.7925  12.6901   8.0150   3.4089   1.7847  -0.2306  -2.0077  -1.0178   2.2167  -0.4542  -8.4111  -8.9029  -8.0861  -3.9439  -6.2512  -2.2635  -2.1307 -20.8306 
 -0.0237   3.5900   4.5144   3.8794   5.7527  11.0182   8.9091   7.1863   7.0702   7.1782   4.7799   0.6784  -4.3508  -5.3991  -6.5953  -5.6132  -9.5378  -5.6903  -1.3834 -25.9632 
 -2.7117  -1.4799   1.2116   2.3262   3.7406   3.7668   1.2697   0.2086   0.7399  -1.3479  -2.2145  -3.7982   4.9747  -0.4583  -1.7465  -0.9161   7.2119   0.8965  -0.2723 -11.4012 
  7.6123  10.5335  16.3125  23.5319  21.6117  16.3290  18.2001  16.9715   0.9425  -7.0707 -12.7338 -16.0871 -18.4761 -17.8994 -14.8763  -4.8440  -8.9433  -6.8294  -0.8772 -23.4080 
  9.1763   3.0851   4.6724   8.0499  14.6517  16.8559  10.4532  11.9797  13.2732   7.6578  -1.4245  -7.0469 -11.9925 -15.0269 -14.7577 -15.9057  -2.4494  -8.2002  -4.4694 -18.5819 
 -0.3793   0.7119   0.4558   1.7011   3.1548   7.4097   8.6888   7.5902   9.1020   7.3493   9.7346  15.2626   6.8726  -0.7975   0.8553  -9.6815  -9.3426 -14.3122 -13.9791 -30.3963 
  5.2988   6.3406   1.2009   3.3308   2.0290   2.8107   1.0030   0.4513  -1.4458   3.0391   1.2595  -9.2407   1.3164   1.9175   0.7738   1.8301   0.5948  -0.9497  -2.7482 -18.8117 
 23.5623  25.0580  25.0568  22.4174  16.4713  14.4026  11.1159   5.0250  -1.0266  -8.5971 -10.1924  -9.6120 -11.8638 -13.7028  -4.2000  -6.0100 -12.7481 -18.5497 -22.5946 -24.0120 
 -5.0424  -4.2120  -3.2703  -0.4028   1.8335   3.2012   2.3768   2.0802   0.6396   0.2079   0.1418  -0.1844   2.5056  -0.2078  -1.3169  -0.2911   0.8140   1.7717   5.2809  -5.9255 
  7.6330   9.9835  15.1303  18.9128  13.0001   5.9224   1.3978  -3.1674  -6.4703  -8.3713  -7.7470  -5.2412   1.6661   5.3754   0.9111   2.2634  -7.6214 -11.2828  -5.6474 -26.6470 
 15.3965  19.4488  18.3928  11.4564   4.0261   0.4604  -4.6326  -9.8409 -11.0926 -12.7123 -13.1035 -12.3357  -8.4063   1.3638   7.8807   5.5655   3.4210   0.7205   5.4867 -21.4953 
  4.0267   4.8087   7.0895   9.6094  12.6372  17.6545  19.7244  17.4364  13.7517  13.9367   6.0059  -4.5448  -9.4075 -13.3403 -13.6620 -10.1856 -10.5214 -17.1512 -19.3146 -28.5537 
 26.5287  22.7007  21.6748  17.6005  11.9372  12.6653   5.4749  -6.1299  -8.9419  -6.9620  -5.7222  -5.6209  -8.6350 -10.0876  -8.1562  -7.7238  -5.4233 -10.0839 -13.1237 -21.9717 
  3.9740   4.1572   5.7242  12.4480  17.3522  11.6512   5.2405   1.2103   0.5569   2.7329   9.6369  -0.5073  -5.1263  -2.7956  -0.7621  -3.7186  -1.7764  -8.4788 -18.8985 -32.6208 
  6.8442  11.6517  15.0164  13.0383   3.5465   0.5949  -3.0134  -7.5262  -8.2082  -8.6101  -7.2813  -1.2345   9.2720   5.1011   6.0543  -0.9163  -4.5878   3.4588  -4.8078 -28.3926 
  7.8637   4.0004  -2.9380   2.0521   2.2442  -0.4633   1.8855   1.9277  -0.6295   1.3834   1.2896   1.0703  -0.4938   1.5669   0.0079  -1.5584  -2.0070   0.9263  -0.4846 -17.6435 
  5.8623   7.6023   7.9357   8.1933   9.8252  14.3094  18.5980  17.6310  14.1029  11.3791   8.9224   4.7903  -4.5730 -11.3683 -17.8078 -14.2065 -11.2294 -16.2936 -23.1509 -30.5225 
 -1.7942  -0.0063   1.9950   3.6026   3.2262   0.8396   2.3621   2.3730   0.2704   0.4107   0.3605   1.3362  -2.3048  -2.1177  -2.8566   0.0808  -2.4432   2.0828  10.0173 -17.4341 
 16.0587  21.3030  20.2092  12.2290   4.0091   1.0523  -3.6402  -8.1002  -8.5006 -10.1681  -9.7303  -7.7995  -1.2107   8.9891   5.5157   1.2399  -8.3907  -7.4334  -1.1958 -24.4366 
 15.8248  21.2415  22.3705  19.6523  12.6511   4.9800   2.0524   1.2562  -2.0002  -7.0989  -8.4866  -8.1644  -3.6111   2.9801  -6.3159  -7.3905  -2.5939 -11.1587 -18.1433 -28.0453 
 11.4701  14.8919  19.2495  17.1766   9.1256   4.6224   0.3569  -3.6692  -6.2969  -8.7664  -7.4764  -1.7487   3.4354  -4.0219  -5.5797   1.1971  -7.0079  -5.6899  -4.9140 -26.3546 
  4.0502   6.3561   7.7528  13.2425  22.1071  16.8285  10.8539   9.9555  11.6373  14.4871   1.0686  -6.0140  -8.7291  -9.9474  -5.2420 -14.0196 -19.6200 -16.4317 -13.2116 -25.1241 
 14.0747  12.9823  14.7396  18.3580  20.8024  21.6686  20.4893  18.2777  14.8271   4.2101  -4.6228  -5.0852  -8.9555  -9.9704 -14.4886 -22.2364 -24.8924 -24.6202 -19.9776 -25.5806 
  6.5756   6.5342   9.0959  14.5314  20.6452  22.1123  17.0555  14.5823  18.4626   9.7441   0.1482  -4.4759  -4.9624  -0.2271 -12.9306 -21.6336 -23.8195 -22.7039 -21.8165 -26.9179 
 -2.4130  -0.2375   2.8918   5.5011   6.7427   5.7418   5.0778   5.1858   4.3188   3.4462   4.3416   1.8899   2.3449  -0.9372  -1.2877  -2.8414  -4.0969  -5.4193  -7.2573 -22.9920 
 18.6934  11.3904   9.2311   9.3832   5.4199   3.6295  -0.1793   0.6487  -3.5589  -4.0062  -6.2031   0.6797   0.8497  -5.8255  -3.0197  -0.8407   3.4120  -4.6925 -10.2551 -24.7566 
 -1.1447   1.5640   1.4686   1.7604   1.7234   2.3262   4.7312   2.6246   3.8383   6.5465   3.3830   1.7225  -1.7619  -1.0275  -1.1491   1.9434  -4.9663  -2.3871  -2.8449 -18.3507 
 14.1023  13.5650  10.1510   8.7911   7.7313   7.6480   9.2651   8.0399   4.9244   6.1141   5.5459  -0.9256  -6.1550  -7.0836  -8.6484  -9.0926  -9.2649 -13.5303 -12.0852 -29.0925 
  9.8451  13.4743  16.9269  13.4623   5.8133   1.7553  -0.7487  -3.9831  -8.1249  -9.5689  -8.7611  -6.3983  -0.6612  10.9895  12.8583   0.3283  -8.6023 -10.4136  -5.9048 -22.2865 
 19.2227  18.1307  15.9732  13.2757   8.9377   4.0318   2.7371   2.4204   4.8079   5.9436  -1.6587  -5.6682  -8.2354  -8.6156  -5.7373  -5.9194 -13.5825 -11.1928  -9.7272 -25.1435 
  9.7172  12.7596  17.7880  19.5982  13.1714   6.9756   4.2961   1.3629  -0.4383   4.9630   8.7840   0.9395  -2.9094   0.8700  -9.7739 -17.6442 -19.7626 -14.0983 -10.0576 -26.5411 
 19.7847  26.9921  27.0885  20.9467  13.4352   6.9927   3.8926   5.5073   6.3950   3.6410  -3.5260  -9.9366 -12.2833 -15.4366 -15.2739 -13.4030 -13.6697 -14.5223 -14.0162 -22.6082 
 -4.7450  -2.3439  -1.2527   0.2681   2.5169   3.0271   3.2731   1.1854  -1.4898  -2.2085   0.9214   6.1154   5.0556   7.1405   5.3972   1.8235  -0.1874  -0.9732  -2.7856 -20.7382 
  2.7354   2.9846   4.5226  11.0075  16.9767   9.7039   5.0497   0.2367  -2.2382  -2.2319   3.3972   5.8953  -3.5572  -7.9222  -5.1006   4.0687  -6.7980  -6.9512  -1.5062 -30.2728 
  1.8923   1.9933   1.7272   1.4697   2.1029   2.7198   2.2271   0.4083   1.4890   2.3633   0.0136  -3.1335  -1.8351  -3.4645  -2.5082   0.1244  -0.6305  -0.2515   2.6670  -9.3744 
  7.3147  10.8559  16.3202  21.3322  15.5047   5.7917   2.0324  -0.5787  -3.8385  -3.1611   4.7722   6.9085  -0.8153   0.2585   0.5455 -11.9753 -19.4608 -19.4821 -11.0006 -21.3242 
 -4.8271  -2.3317  -0.8263  -0.6913   0.0284   2.1785   4.8530   2.4866   0.5257   1.0973   0.9581   2.0508  -0.0850  -0.3240  -2.1544  -3.6769   8.2530   1.6818   2.7619 -11.9586 
 28.0344  21.3292  26.7011  15.9009  17.4755  11.8357   5.0600   6.5559  -4.3031  -3.5802  -8.7494  -8.4692  -7.5683  -2.5689 -10.7488 -16.5549 -18.6071 -16.7713 -13.4451 -21.5263 
 11.4465  12.5754  14.6510  12.0835   5.3520   1.6789   2.3021  -2.4719  -2.0905  -0.5169  -2.1754  -2.9241  -2.7917   2.0815   1.0635  -3.6587  -4.7680  -6.8125  -8.2348 -26.7899 
 11.1007   8.9165  11.8079  11.0313   1.9749  -0.9229  -2.4670  -6.7769  -9.1537 -10.4373  -8.8596  -6.3617   0.2425   8.3330   2.9722   9.5504  -3.2943  -3.1680   4.4488 -18.9367 
 12.7055  18.2073  17.6143   9.1957   1.5762  -1.0952  -4.9687  -6.1290  -7.3791  -7.2053  -4.3066   3.6014   9.8467  10.7313  -1.8676 -11.4282 -13.9225  -8.1802   2.6837 -19.6797 
  0.8368  -1.7610   0.4628   2.3612   5.1160   7.7374   9.4921   4.3865   6.1712   5.6238   6.3738   5.3491   2.7348   5.4859   4.6651  -8.4273 -10.9892  -8.6750 -10.7619 -26.1822 
 12.9582  16.0251  19.0637  18.9347  12.6765   7.8161   3.8112   0.9397   6.1611   7.4639  -2.5194  -7.1391 -10.2242 -10.1934  -4.1747  -5.7525 -14.4868  -8.2946 -13.9643 -29.1013 
 29.3165  26.9707  19.9517  12.4469   7.3647   2.8794   1.4068  -2.4963  -5.4012  -4.1083  -5.2153  -6.4891  -5.9548  -6.4872  -6.6510  -6.7351  -9.9422  -8.4833 -11.8558 -20.5171 
  7.6646   7.8496   5.3460   3.4574   6.3183   1.1408   3.1494   5.1045   0.2373   1.0847  -0.4320  -0.3662  -0.3503  -0.5473  -8.1949  -0.9695  -1.7599  -3.3828  -3.0248 -22.3253 
  7.0587   8.6157   9.7452  14.4294  20.8498  17.0788   7.0614   2.4228  -0.5017  -1.0215   3.1054   5.3564  -3.4904  -7.3987  -7.4398  -7.0656  -8.8032 -12.8630 -18.8666 -28.2731 
  5.7670  -2.6937   9.6459  -0.7839  10.7523   2.7960  -2.6113  -3.2915  -6.2928  -7.6167 -12.6729  -5.4796   5.0447  13.7582  10.3050   4.5191  -1.3433   5.4917  -1.7375 -23.5567 
-11.2311  -7.9712  -5.4028  -3.3542  -3.1975  -4.2245  -3.9952  -5.3576  -5.3493  -4.8108  -5.4962  -2.9288   2.5785   4.7736  13.8058  17.8731   9.8332  14.9500  11.0220 -11.5171 
  2.8142   1.3603   4.2714   4.8975   4.3374  -3.4231   3.1881   5.0714   3.9705   6.2234   3.7268   5.2790   1.3825  -7.6582  -2.9268   2.0075  -4.0570  -5.6086   1.2855 -26.1418 
  4.9776   6.4457   7.7463   9.3687   9.5559   9.1954   6.3666   4.9237   2.1719   1.7788   1.4634  -0.3859  -6.1409  -5.3778  -2.6336  -2.5068  -8.3667  -7.0441 -11.2867 -20.2514 
 10.0472  11.9967  16.4907  19.9334  16.2325   9.2915   4.3130   0.7097  -4.0959  -8.1186 -10.5064 -10.3134  -5.2102   1.0801  -1.5982  -3.8949   1.2501  -7.5248 -12.9333 -27.1495 
 17.0433  19.1713  22.6813  17.1064   8.7516   4.3917  -0.7236  -5.3026  -7.9288  -8.3773  -7.4784  -3.7859  -2.5186   0.0200  -1.5465   0.1954 -10.7830 -12.0301  -3.0579 -25.8283 
 18.6591  22.3501  23.5831  19.0252  13.9063  13.3289   9.0463  -3.2346   1.2718   1.4619  -4.3706  -7.4089 -10.7710 -11.8151  -0.8947  -8.7094 -22.3259  -8.0672 -18.5235 -26.5118 
  3.2886   3.8514   1.5062   4.9096   3.9001   3.8964  -0.6349  -1.5534  -1.3119  -2.3130  -1.8455  -3.5666  -2.6094   3.4411  -1.0089  -3.0556   4.5250   3.3979   1.1349 -15.9520 
 -5.6652  -3.8931  -1.8885   1.6299   2.3371   2.0746   2.1285   0.4372   0.0031   4.2521   5.2010   3.3227   2.8933   1.9467   2.1449   0.9405   2.1680   2.3807  -1.3113 -21.1022 
 21.7270  24.2953  23.2112  13.4917   7.3423   1.4843  -3.1924  -4.8355 -10.3896 -11.3960 -12.8133 -11.6304  -9.9774  -2.6034   3.7943   3.5260  -4.2988  -6.0579   0.3494 -22.0269 
  7.1102   6.3521  11.6650  18.7864  16.7459   8.3216   5.8454   4.3436   9.4868   7.7601  -3.1382 -10.3196 -14.1642 -15.1634 -11.6972  -1.8200  -7.1959  -8.5258  -1.8553 -22.5374 
 14.2212  17.8028  21.4842  24.9383  24.9854  22.3982  21.3770  20.9687  13.4315   0.0683  -9.1695 -13.1215 -13.8982 -14.9798 -18.1636 -20.5802 -22.0396 -23.0260 -22.3178 -24.3795 
  8.9039   9.7955   9.3225  11.7206  17.8844  21.1802  19.2262  17.3421  13.9029   7.3860  -2.6995  -8.3297 -10.1319  -8.7756  -6.0590  -8.7597 -15.4747 -24.0243 -25.5723 -26.8375 
  3.8554   4.2234   6.2441  12.5445  18.1461  14.0699   5.9992   2.7220   1.0526   2.1813   9.5825   3.3502  -4.3618  -5.0291   0.5610 -10.3142 -15.3449 -12.7063  -7.6401 -29.1358 
 -8.9085  -6.1917  -3.8341   0.0473  -0.3559  -1.0455   0.4343   0.7424   0.1788  -2.4081  -1.5815   0.7755   2.7896  -0.3538   0.5914   4.7530   5.3039   5.5717   8.4610  -4.9697 
  6.0177   9.1902  12.5400  17.6650  18.0833  11.1113   3.6376  -0.9348  -2.4340  -3.3221  -2.4870   5.4750   6.1443  -3.6923  -2.5169  -0.6902 -11.0083 -16.8129 -17.3554 -28.6106 
 12.6629  16.5188  17.0120  11.3763   2.7817  -0.7077  -5.5288  -8.1972  -9.1883 -10.5072  -9.3239  -6.2042   2.0877   8.3448   2.7802   8.4635  -5.0126  -9.0230  -5.5900 -12.7449 
 26.6077  25.1133  19.7421  13.7493   7.5294   4.8418   5.8235   5.9404   3.3399   4.8147  -1.6758  -4.4299  -7.1722  -6.5470  -9.6023  -9.9251 -17.0327 -19.5694 -18.7525 -22.7953 
  9.3391  15.4719  19.7226  13.6838   5.7655   2.9423  -0.2309  -3.0447  -5.0071  -3.6430   3.6089   8.1171  -1.0555  -2.5360   2.0952  -6.4482 -11.0547  -9.9411 -11.5931 -26.1921 
  6.7164  12.9088   8.1465   2.9974  -1.5306   3.7966   4.6355   0.1956  -4.4054   2.5643  -3.5126  -0.4027   0.5107  -1.6406   0.9829  -5.6846  -0.0083  -4.8894  -3.3272 -18.0535 
  1.8584   3.5453  10.7864  10.3313   8.8364  11.3153  12.6550   8.0839  10.2072  14.1247   0.1105   4.9955   5.9811   7.9709   7.5141  -6.0319 -21.0185 -23.4977 -32.6987 -35.0693 
 13.1044  15.4062  17.5958  18.0756  11.3524   4.3670   2.6428   0.8781   0.0399   6.6751   8.2361  -2.6757 -10.1776  -9.8299  -3.1506  -9.5151 -14.3971  -6.2859 -13.5883 -28.7532 
  0.0688   2.2921   6.5965   8.3598   8.2327   8.6486   7.1471   7.1631   4.4823   3.4067  11.3001   9.5567   0.6574  -2.5849  -6.7404  -8.6614  -8.6399 -12.0189 -13.1958 -26.0705 
  9.5134  11.1944  14.6379  21.3303  20.9351  12.8622   5.9234   3.0673   0.5662   2.8569   7.4992  -0.6339  -9.8527 -12.4761 -11.2573  -4.7464 -13.5940 -18.0638 -14.8928 -24.8691 
  5.5904   5.1588   4.7053   4.3271   5.8271   9.5093   8.4110   1.6453  -2.2667  -2.6767  -1.4248  -1.1260   2.4114  -1.8009  -4.8190  -8.2201  -2.9355  -0.2567  -0.3488 -21.7105 
  0.4175   1.2148   5.1829   9.3743   9.7458   5.9476   5.0377   2.5369  -2.7391  -8.8960 -11.0818  -7.0650  -7.4393  -1.4335  10.1963   9.6385   5.0133  -4.2894  -3.8725 -17.4890 
  8.8274   9.1037  13.6965  18.9331  20.4960  15.7102   9.1227   5.5813   1.7546   1.3849   6.9672   6.4807   5.2247   4.2668  -9.8256 -18.2374 -24.2455 -24.1902 -22.7864 -28.2649 
-10.4296 -11.2348  -7.6061  -8.6646  -7.9499  -6.1250  -4.3918  -6.8877  -5.4461  -2.2579  -1.3507   2.2980   4.8244  12.7426  12.4434  14.4927  14.8125  12.9871   9.6224 -11.8790 
  8.8890  12.0408  17.2338  23.3492  22.1801  17.3250  16.4611  18.6109  12.0359  -2.1102  -7.5218 -11.7288 -11.4854  -7.6790 -11.7033 -21.2349 -23.6258 -19.3358  -7.8566 -23.8442 
 -7.7648  -7.6325  -5.9874  -5.7763  -5.5038  -4.9788  -3.5524  -3.9264  -4.7269  -2.6727  -1.6911  -0.4884   1.8633   1.5449   3.1375   9.0909  11.6855  13.4220  16.9117  -2.9544 
 17.5979  21.0040  20.3690  15.7264  13.3239  13.0722  13.4678   1.7577  -6.0904  -6.9925  -8.3415 -10.6335  -9.5482  -1.5234   3.9870  -6.9271 -17.4878 -18.4739  -8.9267 -25.3608 
  6.1805   4.1462   3.5010   2.7230   3.9708   8.1302   9.4910   3.6927   2.9790   2.0598  -0.6100  -1.6298  -2.5238  -2.5441  -3.9959  -2.7189  -3.9403  -3.9477  -4.9568 -20.0067 
  7.7322   4.4707   5.2320   7.8782   9.1005   5.4418   6.0577   3.7093   0.1939  -0.2785   1.1984  -2.6011   0.6595   2.7395  -0.9452  -4.5096  -8.4529  -6.4501  -6.8768 -24.2995 
 -6.4169  -3.8203  -3.3676  -1.3384   0.0068  -0.0917  -0.6540  -1.1092  -2.2062  -2.8976  -3.0409  -2.6706   2.9750   6.3064   7.4779  12.0806   5.7715   5.5715   0.9432 -13.5194 
  7.6067   9.3813  13.4849  19.9139  22.7781  18.4350  15.9140  18.9134  10.1002  -4.3291  -8.2178 -13.6741 -15.7040 -16.5313 -14.1193  -3.7115 -13.7922 -12.8183  -7.7992 -25.8309 
  4.7167   3.8923   5.7519   8.0369  12.8563  16.7380  15.0698   9.7568   7.4623   7.4165   7.7550   1.1797  -6.3964  -6.5897  -1.5093  -9.7231 -17.0341 -15.7607 -12.6623 -30.9568 
  9.6098  13.4286  18.7280  18.1791   9.8536   3.5779   1.4841   0.4639  -0.5329   2.6536   9.8742  -3.2808  -8.9269 -11.0817  -6.3122  -2.5681 -15.3236 -12.3977  -1.9946 -25.4341 
  3.8990   7.6431  13.4623  16.8504  10.0821   3.4259  -0.1709  -4.7791  -8.1809  -9.2214  -8.3021  -5.9798   2.0125   6.9915   1.4712   6.5493  -3.7836  -4.9571   1.3613 -28.3737 
 13.9079  16.7984  20.6342  24.6533  24.3507  19.3643  17.9172  18.3920  11.7020   0.0010 -10.1043 -14.9084 -18.2285 -20.4094 -21.5267 -19.7383 -13.5385  -9.5045 -16.6159 -23.1465 
  7.1797  11.3922  15.7490  19.3949  17.3819  10.7478   7.3006   6.1472   9.1598  11.0073   4.7816  -2.4892  -3.7349  -3.7521  -1.7971  -9.8976 -22.2914 -25.7550 -23.0236 -27.5010 
  5.6600   8.4600  10.4652  12.1954  14.9914  18.5645  17.0459  10.3163   4.8130   2.3220   0.5889   4.1108   1.2082  -9.3950 -13.7061 -13.1090 -10.1060 -11.3113 -21.8744 -31.2396 
 -1.8886  -0.7563   0.4909   4.9127   6.9239   5.1456   6.2254   6.4299   5.1768   9.1990  13.2223   5.4194  -3.0538  -4.7242  -5.1855  -3.7939  -7.3421  -6.1816  -4.3871 -25.8328 
 11.3455   9.9507   8.1659   6.0877   1.4526   0.9704   4.7975   4.0208  -0.5941   2.5357   1.5340  -4.3306  -1.6103  -4.4373  -0.0323  -2.6725  -2.0195  -3.5278  -6.3697 -25.2666 
 -0.8009   5.6194   7.0974   6.1331   7.2063   7.4038   4.5741   8.4379   4.2968   7.9137  13.0725   2.3362   0.6963  -2.4917  -4.9374  -7.2728  -8.2160  -9.6329 -14.4558 -26.9800 
  9.4449  12.4990  15.8206  17.3018  10.9373   5.5366   0.8716  -1.2105  -2.4770  -3.4484   1.0611   6.1591  -1.7466  -7.5929  -6.9295  -2.1338  -8.9361 -10.3674  -6.3554 -28.4344 
 11.5326  10.9047  16.3163  21.0845  11.9757   7.0511   0.8356  -4.9870  -6.9450  -9.2309  -9.7748  -8.2038  -2.2957   5.5139  -5.4119  -2.7410   2.4166  -7.4497  -6.0628 -24.5286 
  9.3064   9.3678  11.2235  13.9991  14.4345  11.1982   6.3282   1.4131  -2.6884  -7.1825 -11.0075 -12.3749  -9.2573  -6.0414   2.3206   4.6097   3.5670  -3.2208  -9.5445 -26.4507 
 -6.7163  -6.0323  -3.7943   0.8820   3.6629   4.3198   4.7402   4.0799   4.8854   5.8718   8.3927   9.6825  10.5717   3.8917   0.9125  -1.2807  -3.7018  -5.7570  -8.2525 -26.3582 
 10.2748  11.6455  16.3809  20.1490  18.2488  12.7899  10.3972   8.0106  -0.6794  -6.4024  -9.7054 -13.5667 -14.6497 -16.1902  -6.9531   0.2117  -0.7067  -1.2331 -10.6728 -27.3488 
 13.3782  16.3500  15.3612   8.9247   3.4890  -0.7729  -2.6106  -7.5432  -8.0129  -7.6140  -7.8535  -2.4356   6.5050  -4.5887  -3.2816   5.8982  -1.3889   0.3111   0.3606 -24.4762 
 10.0811  14.1057  20.3635  24.0314  20.3690  17.0236  16.4460  19.2548   6.0111  -3.4365  -9.9143 -13.0905 -15.0150 -11.4726  -6.6405 -10.0976 -14.6658 -19.9459 -19.4800 -23.9274 
 -7.1817  -5.5458  -1.6137   0.8007   1.9284   2.5116   0.3432   3.3359   0.2833  -1.3305  -2.4960  -1.6366  -2.6968   3.6695   6.8225   4.4926   6.1940   6.7541   2.2072 -16.8418 
  9.6326  11.3478  14.3982  20.7665  19.7772  12.3406   6.1933   1.0438  -1.1521  -1.5860   1.8440   7.8419  -1.5328  -9.8703 -10.1973  -2.2440 -12.0413 -18.5948 -20.6014 -27.3660 
  1.5056   1.6880   4.2152   9.5291  17.0514  16.2096   8.5432   4.2111   4.4898  11.7231   5.5770  -4.8191  -7.5020  -5.9733  -0.7664 -10.2798 -14.8967  -9.8638  -3.1062 -27.5357 
 15.2115  17.9992  21.5012  24.9136  19.1760  15.8798  16.4094  17.8040   5.9025  -3.3769 -10.4408 -15.3738 -18.5882 -19.7882 -17.7007 -14.2386 -13.9566 -13.8247  -5.8162 -21.6922 
 12.1911  17.2966  17.4896  10.6943   3.5061  -0.1018  -2.5405  -6.3143  -7.6095  -8.5828  -7.4501  -2.2275   8.4004   0.0230  -1.6734   2.8727  -8.2243  -7.2548  -0.5950 -19.8998 
 -0.4264   0.0708   1.9133   6.0904  12.7810  17.8469  12.0313   4.9753   4.2790   6.9401  10.3052   0.2003  -6.7328 -10.0168 -10.0292  -2.7869  -5.6536  -9.3242  -6.0818 -26.3818 
  7.8387  12.9821  20.1116  21.8527  15.0291  10.4182   9.9996  12.5177  11.6815  -0.1048  -5.5624  -6.4577  -2.0918  -6.3498 -17.7376 -20.9015 -21.1073 -13.6752  -3.7477 -24.6953 
 18.0184  21.7405  20.2020  16.4376  12.3859  12.2417  12.1975   6.3324  -4.4281 -11.4734  -5.9353  -8.8421 -10.3280  -4.7973   3.4477   1.4017 -15.9637 -17.1346 -16.9459 -28.5571 
  8.9922   8.4069  10.2569  10.5303  10.1285   4.9362   1.8698  -0.0537  -5.3906  -5.9983  -4.6797   1.6021  -1.9697  -5.3874  -2.3336  -0.9265  -2.7071  -2.3523  -3.3933 -21.5307 
  0.1643  -2.2100  -0.9888  -3.4801  -0.5275  -1.4680  -0.5683  -1.5514  -0.4216   0.5034  -0.8521  -2.7835   0.5014  -1.2182  -0.7495   5.2974   5.8643   8.2766   6.0259  -9.8143 
  7.6720   8.0788   9.1059  14.2217  21.6149  24.6272  15.4198  12.7487  14.5686  14.3925   0.6524  -7.7122 -12.3140 -13.4374  -8.0366 -14.9387 -21.7305 -22.0625 -19.3233 -23.5474 
  2.2815   1.7578  -0.6674   1.7705   0.4755   0.4978  -1.3799  -2.1107  -2.6075  -3.5652  -2.8715  -6.8295  -1.7109   2.8096  -0.7449   2.5543   8.6739  -0.5359   6.8846  -4.6821 
 18.2027  16.9209  12.1191   7.6862   3.0545   0.5751  -1.6156  -1.2378  -3.1289  -4.2377  -5.6464  -5.0994  -5.0515  -1.2417   1.1802   1.1938   0.3821  -6.3202  -6.4152 -21.3203 
  3.5023   4.9407   6.5095   8.9494  13.2647  15.1725  11.9431   6.2423   1.1652  -1.6313  -2.9929  -1.9072   3.4422   2.8306  -3.2309  -5.3351  -2.3238 -10.7536 -17.8375 -31.9502 
  4.7778  10.3180  13.9538  16.0868   9.1380   2.9991  -0.6627  -4.2067  -5.6625  -4.9839  -1.2287   7.7334   9.3244   7.4153  -4.1228 -11.6166  -8.7569  -5.6012  -5.8002 -29.1044 
 -3.8341  -1.3838  -0.9472  -0.4209   1.7906   4.2155   2.2324   4.3091   1.1357   8.4456   9.7973   6.3722   2.6068   0.3293   0.1016  -0.3203  -4.2313  -3.6986  -3.9405 -22.5593 
  7.9933  10.9520  14.6109  19.7867  15.1983   6.5296   4.9056   0.7415  -0.5271  -0.1092   6.9036  12.3792   7.7901   2.0866  -9.1117 -12.3605  -5.7793 -23.1437 -29.0076 -29.8384 
 25.8990  23.1895  19.6721  15.4616   9.3167   5.4831   6.1546   7.4477   4.2279  -1.3757  -8.0309 -11.4646 -10.4795  -7.5543  -4.2227  -6.0439 -16.4547 -16.3865 -13.0397 -21.7998 
  5.9702   6.6918   8.5551  14.7594  15.5278  10.2403   6.0423   1.7099  -0.1415   0.4245   5.8906  10.2752   2.9571   1.0304  -7.5844 -15.4930 -16.0321  -8.3602 -12.0263 -30.4370 
  0.2377   1.2490   0.9118   1.8024   3.7548   4.8963   5.1515   4.2684   0.3786   0.5058   0.4839  -0.9914   1.4073   1.1727  -2.9065  -4.4307  -6.9456  -0.2385   0.3969 -11.1044 
  4.9017   3.2442  -1.2482  -1.2472  -2.0773  -5.4371   0.3708   4.1825  12.1289   1.2950  -2.3136  -3.1723  -0.4429  -1.6571  -9.7455   6.5626  13.4075   7.0987  -2.0865 -23.7642 
 26.5958   8.4474  11.9082  11.6976   1.4010  -0.2500   3.9848   3.6429  -6.0468   2.5341  -5.2699 -11.5085   3.8103  -6.3108  -2.4679   2.1530  -6.3876  -7.1780  -8.4060 -22.3496 
  2.2962   0.8041   0.8352   6.6150  14.5461  15.0856   3.2964   0.5549  -1.6557  -2.0236   2.8955   7.5016  -1.2031  -5.6899  -4.7833   1.2942  -7.3403  -8.3771  -4.0417 -20.6100 
 -3.1520  -0.4969   6.6485   7.8768   5.5605   6.5283   5.6337   4.1543  13.9779   2.7762   6.1398  -3.7070  -1.7982  -2.8944  -6.0041  -6.5265 -11.4873  -1.5122   6.0580 -27.7754 
 -8.0020  -4.6131  -0.7821   3.3160   4.4465   4.7754   2.8155   1.0612   4.8060   6.0492   5.9390   3.1446   2.8568  -0.6657  -2.6961  -2.1500  -0.9756  -0.2816  -1.9847 -17.0594 
 12.4378  17.8157  22.2857  21.4926  15.3987  11.6565   8.4610  -5.9608 -14.7466 -15.8101 -21.8850 -17.3295 -13.0545  -3.3503   5.7314   1.5346   1.1396  -7.5940  -1.8366 -16.3862 
  0.8964   0.1937   0.1104   1.6479   5.6517  12.1890  10.2771   4.4234   1.0502  -0.5311   1.2594   6.8796   5.2931  -3.9156  -6.0500  -0.9098  -4.2858  -6.9837  -7.0958 -20.1002 
 19.8439  13.4280   9.6622  10.6650   8.0950   5.5066   1.7572  -1.0429  -0.8012  -2.8142  -0.4934   1.3117   0.5243  -6.1730  -8.1290  -6.3324  -1.5063 -10.0417  -9.1390 -24.3207 
 -2.7279  -1.7097  -1.1534   1.6639   5.7537   6.7942  10.6044  12.5105  10.6069  10.0936   6.6639   5.7680  -0.0784  -3.9348  -2.0808  -2.5423  -7.7730 -12.2311 -11.4054 -24.8224 
 10.1275  12.1619  16.2723  20.8127  20.9740  14.8019  10.1842   6.5306   4.4543   7.4531  12.2713   6.9620   6.8204  -5.0668 -18.1362 -24.0479 -25.9037 -25.4208 -24.3890 -26.8618 
 -9.9466  -6.5695  -9.8093  -1.7391   0.0580   3.2073   7.0375   2.3619  -1.1764  -5.8692   0.3050  -4.2033  11.2777  -0.3904   7.8268   9.8649   4.7504   6.9825   7.6743 -21.6424 
 14.0137  16.9699  19.0697  15.0058   7.0268   5.9083   2.9474   2.1595   3.8159   7.2602  11.3975   7.5965   1.6600  -6.7074 -13.8401 -15.7435 -16.6488 -16.4066 -16.4466 -29.0384 
  6.2399   3.2858  -0.2213  -1.4923   1.3132   3.9330   3.5221   2.8631   1.3615  -0.0790  -1.0125  -1.0737  -0.3033  -0.8480  -0.4749  -1.1495   0.1031  -0.2090  -1.3002 -14.4580 
 14.6593  20.5101  23.6344  20.8409  12.5620   6.6891   3.7103  -0.8534  -3.6042  -5.9363  -7.0110  -3.7764   1.6775  -5.6072 -12.2281 -10.8044  -4.3275 -11.1148 -14.7836 -24.2367 
 17.5445  22.4817  15.1353  12.5880   5.1049   1.9643   5.3928  -3.5987  -0.4750  11.7373  12.9388  -3.8264  -3.5752  -8.3127   9.4226 -10.0441 -20.2747 -19.0638 -21.8010 -23.3385 
 11.5639  14.1176  19.1780  24.7909  18.2344  11.0457   8.2594   6.6617   7.5852  14.1840  12.1883   7.8148  -0.4947 -16.4472 -21.5615 -22.7378 -21.8493 -21.9703 -24.9810 -25.5820 
  7.3833   6.5793   5.7205  10.2722  16.6567  15.1599   9.5922   5.5668   5.0234   9.3817   5.3741  -5.1082  -9.8091 -12.3432 -12.5495  -6.2366  -5.9929  -8.3697  -6.8581 -29.4426 
  0.3726  -5.6285  -3.2253   2.1557   3.8332  12.1538  14.6059  12.3634  15.7294  17.0679   4.8054  -1.6834  -7.5585 -11.9417 -12.8749  -9.7037  -1.2933  -5.8852  -6.0304 -17.2623 
 12.4589  17.5375  23.1698  18.7129   9.0574   6.8369   3.3366  -0.7668  -3.5028  -5.8079  -2.0422   3.5413  -5.4920 -15.4559 -14.9601  -7.1860  -2.1139 -10.3945  -4.5301 -22.3991 
  7.7831   5.9803   3.3957   1.1363   0.6624  -0.3876  -1.2270   0.5350   0.3563   5.2276   9.1991   8.9238   2.6320  -1.9335  -4.2120  -2.5342  -1.0999  -4.9168  -4.9485 -24.5720 
 12.7865  11.7808  12.0132  12.7418  11.7725  11.2618  10.9064   7.0094   3.3808  -2.3233  -4.5714  -6.7413  -8.0255  -8.7048 -10.9950  -7.0616  -9.3710  -7.6597  -4.9100 -23.2897 
  7.4583  10.3954  16.3813  20.3810  16.5656   9.1371   4.5296   4.0559   6.8658   9.8043   0.1187  -6.6202  -8.4161  -2.4957  -9.4787 -16.3418 -17.6122 -13.1639  -7.5007 -24.0638 
 10.5778  12.5102  15.4500  16.2510  14.1076  12.4513  11.9259  10.4537   6.3771   1.6824  -3.8825  -5.5239  -8.8633  -8.0708  -4.6460  -3.2386 -13.9943 -17.4761 -15.8823 -30.2093 
 16.5450  21.4563  20.0130  10.5420   0.7521  -0.1817  -5.7313  -0.2690  -4.1817  -0.5968   6.2079   4.1626  -0.4622   5.1095 -10.2058 -16.0783 -19.9597 -11.6630   4.3789 -19.8380 
  0.6538   1.9228   2.2930   5.2351  12.5744  11.0394   7.4850   0.8228  -3.4564  -5.0324  -2.9456   4.4755   9.6050   1.6136   0.0025  -0.9954  -6.7769  -7.8860  -2.9330 -27.6973 
 14.1315  17.7109  22.9482  25.5022  19.8506  12.4355  10.8121  14.0608  12.2635  -2.6541 -11.3457 -15.5204 -18.0730 -18.7390 -15.7720  -7.2576  -9.9721  -9.7355 -17.1060 -23.5400 
 -5.7314  -4.0590   1.0581   0.9805   1.3616   2.7093   6.3692  11.6381  12.0180   9.1818   6.8001   1.9409   3.0785  -2.5335  -5.7990  -0.6774   0.8325  -4.7436  -7.1073 -27.3175 
 -1.0640   0.7851   2.7160   6.1021  12.1198  15.4431  10.3026   4.0089   1.9648  -0.0384   2.4993   9.2599   1.9572  -4.2838  -3.1953  -1.1928  -7.8283  -8.5999 -10.0789 -30.8773 
 -5.6296  -4.3307  -2.3209  -0.8933   0.2894  -1.9304  -2.0575  -2.7780  -6.2185  -5.9192  -6.6197  -5.5076   1.7000  -2.2417   6.7340   9.7221   5.4135  15.4230  16.2356  -9.0706 
 21.8983  23.2393  21.5176  17.3026  15.6381  10.7095  -4.6739  -9.4131  -7.3736  -9.6360 -10.3893  -7.6173  -3.6940   2.4229  12.3234 -14.8401 -14.2133 -12.8790  -4.4302 -25.8921 
 11.8056  15.6560  20.2939  16.8416   9.1858   2.5617   2.6711  -1.0207  -1.4500  -0.2437   6.6714   6.5193  -0.4136  -1.1308  -3.7531 -13.8441 -14.3531 -10.4897 -18.0817 -27.4259 
 55.7273  39.9360  26.2526  15.0127   6.4718   0.7391  -2.3157  -3.1939  -2.9475  -3.3569  -5.3235  -7.9446 -10.6626 -13.1662 -14.2100 -14.4691 -14.4121 -13.8376 -15.6433 -22.6564 
  3.7665   2.9173   4.2496   1.8470   7.9023  14.8241  11.0448   3.4540   2.7173  -3.8368   2.5626   4.5604   2.9217  -9.5401  -8.3622  -8.8234  -1.4224  -0.0449  -2.7094 -28.0285 
 -9.3983  -8.0419  -4.4832   1.9754  -0.3749   4.6985   6.4445   3.4462   1.2139   4.1530  -6.0488   0.4383   7.0647   3.8491   2.7818  -2.6890   2.0052   6.3893   4.3086 -17.7324 
 10.6303  13.7716  17.1718  20.1678  12.2486   3.3600   2.4058  -2.5934  -4.8765  -6.0115  -4.6562  -0.7932   8.0003  -2.2840  -3.8243   0.1863  -9.1648 -14.9839 -14.0940 -24.6607 
 16.6586  21.6444  20.8223  12.8954   8.1955   4.1214   1.5648  -2.8573  -5.5724  -6.5555  -5.8004  -2.3591   4.8330  -0.2831   0.7092  -9.8961 -15.4807 -12.0228  -6.1807 -24.4365 
  6.2715   7.1856   9.0377  12.3924  19.0793  22.2584  18.7678  12.6682   9.6569  13.2645   2.9549  -2.9501  -4.4734  -4.2440 -12.7065 -19.5653 -21.3156 -21.7041 -19.8037 -26.7746 
  6.6118   7.9766   9.5899  16.7112  22.8331  15.9736   8.1328   4.9522   3.0471   7.2666  11.8402  -1.4154  -4.2808  -5.2523  -8.9476 -17.0691 -18.3281 -12.6216 -21.0003 -26.0198 
 17.3127  17.4868  17.7344  12.4834   5.8856   4.6009   1.0730  -2.7678  -2.0723  -0.4628  -3.7999  -5.8370  -8.6148  -7.6108  -6.5104  -2.5688  -1.6184  -6.1466  -7.5013 -21.0659 
  3.4054   5.0769   7.0766   9.8006  20.0250  22.5645  11.5478   6.2329   4.4723   6.4844  10.6573   0.2331  -6.2477 -11.0870 -10.3507  -4.2484 -15.1989 -19.0756 -16.4193 -24.9492 
  4.7627  -2.1833  -2.2828  -3.7716   2.8453   7.5100  11.3439   6.1880   0.3611  -1.2837 -10.2990  -7.9318  -4.0985   1.3582   6.4088   6.3304   9.4372  -0.3781  -7.0962 -17.2205 
  0.0639   1.7461   3.2578   7.1373  14.2936  21.0383  16.8137  10.1108  14.3040  14.1399   0.3676  -6.3231 -10.5295 -12.7919  -9.1838  -2.4821 -12.1068 -13.6518  -9.1740 -27.0298 
  6.2012   6.2177   8.6617  15.7008  20.0807  16.3263   9.7644   7.6670  11.6809   8.6315  -2.6559  -7.4948 -10.0457 -10.1131  -6.9875 -12.9972 -15.7760 -10.0148  -6.4425 -28.4048 
  8.4071   5.8192   3.5662   1.9627   2.4472   1.8597  -0.7370   2.3814   0.1779   1.4958   2.9385  -6.0143  -2.3152   0.3049  -1.7145   0.7158  -1.3399  -5.1439   2.0438 -16.8555 
  7.4409   3.3788   6.5115  14.5248  13.0646   4.0268  -1.1894  -5.0999  -7.6910  -8.4282  -7.9356  -3.3516   6.9774   0.9806  -1.3988   5.5785  -3.1694  -5.2282   1.6484 -20.6401 
 11.6728   5.2904   7.2713   8.1521   8.6202   4.8390   1.9077  -2.7604  -4.5028  -8.9428 -12.4662 -11.0383  -4.7642   4.2903   3.3702   1.0547   5.8752   0.7203  -0.1952 -18.3942 
  1.7662   2.1132   0.6823   0.5069  -0.7694  -0.5730  -0.6749   0.4539  -2.3850  -0.8937   3.2905   1.9366   4.8907   8.8910   3.4773   1.6832  -0.3850  -1.0325  -5.4486 -17.5299 
 11.1327   8.1369   5.9398   7.2387   9.0755  13.7563  15.6715  10.9671   4.3603   6.5521   8.2784   8.2998  -3.5109  -8.8874 -13.5723 -11.9565 -11.2912 -14.9059 -15.3573 -29.9274 
 17.2359  18.8517  18.1626  16.5245  13.3466  10.8703   8.4673   4.7337   2.6350   0.0183   1.1954   4.7388  -2.9359  -6.0731  -7.4347 -16.3769 -19.9350 -20.0072 -15.2078 -28.8095 
 15.9881  16.1253  11.9372   8.7157   5.3883   4.3873   5.5095   5.6589   0.5361  -1.1208  -4.8170  -4.8077  -4.2337  -3.8897  -5.7866  -5.1486  -6.6937  -4.6271  -8.1104 -25.0113 
 10.5287  10.4645  11.0189  12.4921  10.2092   2.1803   0.6775  -1.9607  -7.8737  -8.5232 -10.8456 -10.0601  -9.5234  -5.7091   4.1283   1.9979   4.9082   2.3842  -1.6831 -14.8109 
  6.8712   7.1195   7.8478   9.0102   7.5469   4.9121   6.0618   3.0705   0.6628   1.7728   2.7140   6.3541   3.1029  -4.2377  -6.3687  -2.2545  -6.3865 -11.4164  -9.6711 -26.7119 
 16.6601  22.0460  20.3084  13.4923   8.0021   8.7024  10.1260  10.4026   4.1888  -3.7328  -6.1710 -10.8693 -16.0494  -7.8483   0.2833   3.3381 -13.0116 -16.9474 -14.2501 -28.6704 
 -1.6472  -1.5329  -0.7265  -0.8590   1.5500   3.3445   6.0600   5.7678   2.9402   4.2316   1.8384  -2.4116   1.7488  -1.1846   0.2843  -0.4495   1.5215  -2.2191  -1.2847 -16.9723 
  5.4499   9.2168  13.6525  18.6245  21.2266  16.3225  10.2029  13.7648  16.3433   7.8345  -0.8506  -3.0654   0.8282  -4.7895 -14.3191 -13.6263 -16.5382 -25.7242 -26.3799 -28.1733 
  5.4928   7.2730  11.4735  16.9546  13.9651   4.9178   1.4991  -1.5005  -3.3689  -4.2367   1.4622   8.4912   0.6337  -0.2593   0.3732  -7.8143 -10.1871  -7.5615  -7.0778 -30.5301 
  6.6781   5.8903   6.7632   9.1810   8.8397   9.7239   8.7155   7.7970   6.3227   3.4228   0.2514   0.1110  -1.6716  -5.4364  -5.9387  -8.2352  -7.5149  -7.0855  -8.8552 -28.9591 
 11.8209  17.4970  19.5821  14.6674   8.7810  10.5929  17.1599  11.1304  -1.5934  -2.4291  -7.1040  -7.2023  -9.3009 -11.7782  -8.5498 -11.3872  -9.7560  -0.1211 -12.0128 -29.9970 
 10.1575  12.1948  14.9933  16.4447  14.1842   8.2787   4.1829   1.5996  -0.4007   2.6686   4.5920   3.8070  -0.5362  -2.8498  -6.0317  -8.0974 -11.2561 -15.9690 -16.7096 -31.2528 
 17.3728  16.5602  12.1580   2.2953  -0.7338  -2.2088  -3.0060  -3.4950  -5.7703  -1.8968  -4.1417  -2.2550  -0.4691  -0.6536  -2.4783  -1.3584   1.1130  -1.5486  -2.1800 -17.3041 
 10.9509  14.6912  20.9171  20.7445  13.3882   9.0276   8.4810  10.4480  11.1634  -1.3107  -8.8976 -12.4550 -14.1419 -12.2168  -8.1653  -9.1840 -14.6536 -10.7798  -3.3490 -24.6582 
 -4.2511  -4.3180  -6.4235  -4.0719  -2.3887  -3.1485  -4.2032  -3.5194  -7.5010  -5.4107  -2.3368   0.6165  -2.5480  -6.5746   5.7100   1.8165  14.8553  24.3830  15.8024  -6.4884 
  6.8815  10.8626  15.3667  14.4704   2.5878   0.6962  -3.7687  -7.2033  -9.3334 -10.5308  -9.6190  -8.2135  -3.3921   8.1225   8.7748   9.4979  -0.1825  -3.9609   2.5378 -23.5939 
 10.7457  13.4613  16.3838  18.1633  11.9764   6.2322   2.2046  -1.6815  -5.4025  -5.3261  -1.9194   5.7850   7.0183   8.8506  -7.0398 -15.8090 -17.0181  -9.4482  -9.5562 -27.6203 
  4.4895   6.7459  11.3127  18.7251  18.1351   6.5502   1.1677  -1.0341  -3.9953  -2.3382   3.5745  11.8555   2.9192   6.0596  -4.8984 -13.0118 -16.2470 -15.0252 -10.6982 -24.2871 
 10.1449  10.3471  14.7490  16.1718  16.9528  11.3815   6.8749   1.4265  -2.7864  -6.1956  -8.0139  -7.8556  -2.8591   4.0596   5.4548   3.3633 -10.2166 -16.2406 -18.8135 -27.9450 
  9.5266   9.8619  11.6564  16.1435  22.5856  19.0228   9.5649   5.1013   3.9082   6.9523   9.4453  -4.8784 -10.6008 -16.0258 -16.6123 -14.7740  -6.6639 -13.8342 -16.3927 -23.9867 
 -2.8166  -0.2578   2.8925   4.4555   5.6756   4.6914   3.4417   3.4041   1.8890   1.8575  -0.5242   1.9867   0.9536  -0.9744  -1.4010  -2.1961  -1.2827  -2.3186  -2.1481 -17.3281 
  6.5757  10.4876  15.8653  20.5177  18.3749   8.4114   4.7411   0.5009  -2.9659  -4.1461  -4.5681  -0.6566   5.8038  -2.3737  -8.5532  -6.5787  -2.8561 -13.7548 -17.8769 -26.9485 
  7.1295   8.3469   8.9916  14.7649  20.5000  15.5149   7.3359   0.6792  -1.5195  -5.0373   0.9468   7.0372  -4.0339  -9.7787  -8.9444  -0.8558 -12.0386 -13.0157  -7.1764 -28.8465 
 -6.3643  -3.5600  -0.9853   1.3808   3.5164   4.4752   4.2783   4.1699   0.4058  -0.8097  -0.9913   3.1386   9.3653  -1.1057  -1.2662   0.7587   1.7985  -2.7481   1.1071 -16.5641 
 10.8441   6.1056   4.5464  11.5523  11.5304   4.8593   1.2036   0.6177  -6.5224 -11.5032 -13.3278  -7.1852  -1.6717   9.2735   6.7578  -0.9050  -7.2789  -6.0827   3.0089 -15.8228 
  2.4300   2.4475   8.1825   8.1925   2.2974  10.8311  15.5690   1.4027   0.3290  -0.4366   6.3648   1.0487  -0.9166  -8.1367  -8.1915  -9.5690  -3.4184   0.0616  -4.9205 -23.5675 
 18.5545  22.2390  21.2685  17.0100   9.6982   4.7320   4.3296   7.5541   8.1889   7.8498   0.4258  -3.7349  -6.3446  -8.3581 -11.0931 -16.2715 -16.4055 -15.8123 -17.4410 -26.3892 
  5.3049   3.9686   5.5462  12.1792  19.9309  17.0320   8.3644   7.8784  10.6383  15.3943   3.6647  -0.1421   3.0499  -3.2605 -15.9284 -20.0685 -19.5084 -15.1548 -11.4151 -27.4740 
 -4.1173  -2.8993  -1.1226   2.7523   4.1168   4.2377   1.6192   1.4859   2.7141   0.4810   0.9555  -0.9423   1.2205   0.5970   0.3948   0.4670   2.1347   1.5199   1.6806 -17.2954 
 15.7137  20.9924  24.3419  24.5468  20.7453  18.1011  19.1224  15.9122  12.9399   8.1629  -8.2323 -12.3399 -17.0242 -22.3729 -23.1787 -23.2286 -17.6989 -10.8077 -20.3082 -25.3873 
 -1.2634   1.8562   5.1481   8.6050   8.7868   9.5351   6.6634   3.8160  -0.1296  -4.6560  -0.5036  -0.2003   1.6621  -1.6607  -2.8913  -4.8208   0.3233  -5.1066  -6.1044 -19.0592 
 10.6986  11.8307  11.5659  12.4490  11.1880   6.9008   2.6629   3.0301   3.4569   5.3227   2.5092  -1.0853  -3.8118  -7.0840  -4.9747  -7.3629 -11.0099  -5.9887 -11.0008 -29.2965 
 13.6712  17.1821  19.2431  13.3261   5.9589   0.4984   0.3670  -2.3834  -3.2315  -2.1198   4.8356   0.4745  -8.1763 -11.1278  -9.8688  -0.1733  -8.1227  -9.3563  -5.3546 -15.6426 
 -5.7735  -2.5076  -1.5044  -1.1663   0.0004   2.3285   2.2748   3.5509   0.5101  -3.3403   0.8431   1.7502   3.2945  -0.4888   1.3903   4.0779   1.6571   2.3564   6.2297 -15.4829 
  9.1796  11.0931  14.7746  19.7918  17.0503  10.0451   7.8355   5.3063   5.9805  11.7545  10.2992   6.2216   2.6489  -6.8542 -15.2068 -16.6927 -14.0990 -23.4163 -26.3767 -29.3354 
  4.4691   6.3690   7.7808  12.8470  20.5705  17.7665   9.4381   6.2778   2.4431   5.0549   9.9596   3.2883  -2.2059   2.0400  -4.0438 -15.0151 -19.7303 -18.2469 -20.2388 -28.8235 
 25.3208  24.3974  22.6154  19.5733  14.8131  10.5701   9.4361   4.3748  -1.5593  -4.3511 -14.7283 -17.6258  -0.9520  -8.5196  -7.3624  -3.2510  -9.9332 -17.3271 -21.4343 -24.0570 
 22.3042  16.1278  12.0077  14.7975  10.7206   8.3648   8.0610  10.1267   7.5498   1.8723  -3.9201  -8.2481 -10.1623 -11.3760 -12.7367  -5.0050  -3.3744 -11.9178 -17.4700 -27.7220 
  4.0018   3.5852   3.3315   5.3461   4.3656   2.8461  -0.0206  -2.5696   0.1895   5.1002   3.3534   0.2158   1.3297  -0.9671  -0.5937  -1.9855  -1.7054  -1.7064  -4.2453 -19.8713 
 -0.1820   0.3377   2.3741   5.1705   4.8793   2.2995   4.3309   2.2662   0.4173  -0.8843   6.0098   9.0178   2.9640  -0.8977  -1.5385  -6.1656  -4.1289  -4.7989  -1.1105 -20.3607 
  7.6526   7.4466   4.8852   0.6442   1.5298   0.3141   2.6136   0.1768   0.3184   1.5717   0.2364  -0.4716  -4.0283  -1.7854   1.1771  -1.1242   0.5833  -0.2901  -4.6526 -16.7979 
 19.3739  25.1966  25.2676  19.4367  10.1976   2.4144  -1.1928  -4.0638  -8.7478 -10.5230 -11.0799 -12.5634 -10.0392  -5.3666   3.7592   3.3440   0.1212  -8.8586 -13.7562 -22.9202 
  9.6043  10.5410  12.3377  19.7574  26.3167  19.8022  16.1636  16.4176  17.5852   2.8061  -5.6826 -11.1198 -15.0897 -15.5002 -11.1047 -14.2676 -20.4525 -20.5783 -15.3843 -22.1521 
 12.9015  20.6704  27.9257  24.9274  19.2594  24.2150  19.1475   0.5334  -3.3152 -12.4822 -15.0498 -16.9033 -19.2802 -17.1972  -9.8015  -9.8416 -13.7988  -8.2071  -2.2124 -21.4912 
 14.4389  13.4012  16.1103  14.9288   9.7959  11.0171  12.0893  -1.4171  -9.8704  -8.5713 -15.4225 -18.6377 -16.5003 -13.9403   1.0172   8.7826   2.1557  -0.7217  -0.1613 -18.4945 
  3.2298   2.2245   4.4788   6.2407   6.6193   4.0854   3.5648   2.2977   2.4361   0.5689  -4.6553  -1.2701  -2.8888  -2.1474  -1.0212  -1.5878  -0.7381   0.5436  -4.6923 -17.2887 
 12.1886  11.0008  17.9358  24.3010  22.2969  15.0778  12.8771  17.0838  11.2261  -0.0847  -7.9648 -13.0993 -17.1559 -19.7583 -18.6302 -14.9903  -5.4184 -14.9564 -12.1370 -19.7926 
 18.1628  19.7982  21.7942  23.1496  22.2974  18.3029  13.8973  12.5987  14.0955   8.3018  -1.2018  -2.7097  -5.1243 -15.5625 -20.9814 -25.9011 -25.5502 -25.1062 -24.3739 -25.8874 
  5.1200   2.6682   2.7787   5.1220   7.7683   7.6609   0.3239  -0.5597  -2.1976  -4.2025  -2.3433   5.4581   3.3195  -4.6819  -7.7339  -5.9433   6.7709  -3.0093  -0.4617 -15.8570 
  3.1474   3.9068   4.6743   6.1980   3.9172   5.5703   3.7560   5.3815   6.4792   7.4263   4.0188  -0.9053  -2.9276  -4.2640  -3.8751  -2.5664  -3.8921  -5.7279  -7.3914 -22.9261 
  7.7606   7.9634   9.2590  13.4058  20.9130  19.2571  11.4285   9.1142  10.4227  12.6605   1.3940  -7.8667 -12.9049 -16.1586 -15.3321  -7.7158 -10.1835 -11.8246 -14.2319 -27.3607 
  9.9378   9.7046  10.1765  13.1670   9.5151   2.2155  -0.0456   0.0357  -0.3521  -1.2640   0.0667   3.9496  -0.7853   0.9935   1.7327  -2.1738  -2.4763  -8.9075 -14.5354 -30.9548 
  9.4566  14.4761  17.5184  16.5421  10.8319   4.8634   3.7958   1.0301  -0.7413  -4.7772   0.1278  10.6261   1.7256  -4.7562  -1.8151  -1.2979 -10.9708 -19.1139 -21.0656 -26.4558 
  4.1609   4.3674   5.1630  10.4393  19.9966  22.0365  15.0772  16.7404  13.2009   0.0579  -7.2967 -13.1855 -16.4671 -16.2778 -13.5417  -3.6468  -7.6575 -10.0591  -0.8708 -22.2374 
  9.2619   9.2850  10.6963  10.0411   5.3819   1.8030   1.0922  -0.3660  -0.8976  -3.1810  -0.6819  -3.8642  -8.4569  -8.9974  -5.5095  -1.9498  -5.7587  -2.8793   9.9987 -15.0177 
 16.0944  15.0736  17.4290  17.1266  16.3425  13.9152  -0.3124  -3.4633  -3.3349  -5.5676   1.0220   7.3152   5.0978   0.8308  -5.9027 -14.3898 -14.2461 -12.2320 -23.5828 -27.2154 
  2.0137   5.7764  10.2219  14.9245  16.5703  10.5235   3.0729  -1.4882  -7.2050  -6.2506  -5.1311   1.5065   6.9953  -1.4430   1.8240  -1.5831  -9.7701  -7.7954  -0.2269 -32.5358 
  0.8118   3.1428   4.1975   8.8492  17.1316  16.9999   8.6244  -0.0326  -4.9530  -5.2292  -0.1353   6.3691  -2.1837  -2.6835   3.8299  -6.3313  -4.7140  -0.2060 -11.6261 -31.8615 
 16.0656  15.8566  16.2660  14.0919   7.2745   1.1478   0.5592  -3.1884  -2.7528  -3.9872  -1.5200  -5.6031  -7.1936 -11.6082  -9.9024  -5.9648  -1.2652  -4.4434  -0.5317 -13.3008 
  6.0546   7.8172  12.5175  18.9740  18.6314  12.5099   8.6741   7.3229   9.6232  16.1584   9.3568   6.3688   5.3827 -10.1648 -19.1392 -25.0842 -25.6307 -21.0082 -12.2957 -26.0685 
  8.7645   5.7385   7.3877   9.4659   8.7034   6.7927   2.2815   1.6420   0.5587  -0.7987   1.2054   8.0228  11.5479   4.5805  -6.4932  -9.4841 -11.6576  -7.6077  -9.5897 -31.0604 
 13.5337  13.1762  15.6646  19.9549  24.3470  21.3479  19.5471  19.3675  13.3653  -0.5856  -8.6584 -13.2572 -16.9863 -17.9847 -20.7708 -15.4798 -11.0509 -15.4702 -16.1382 -23.9221 
  9.4656  10.0639  11.4433  14.6680  18.7771  15.2024   9.3195   5.1370   1.9578   0.3561   3.7670   8.6933   1.3200  -4.9956 -10.6736 -14.3320 -17.7829 -18.0592 -14.3140 -30.0137 
  1.5799   4.3053   2.3818   2.8910  -1.2059  -0.8300  -0.1903  -0.1292   1.0233   3.9206   3.9828   2.2978   3.2320  -2.5703  -2.6923  -1.3776   2.9213   0.1727  -0.5110 -19.2019 
  6.8519   4.8647   1.9844   2.2401   3.7555   1.5005  -1.3694   0.5704   2.1485   0.7600   0.6917  -1.0898   1.8295  -1.7615   0.1607  -2.4085   0.4928  -1.2003  -0.2145 -19.8066 
 26.8652  27.9313  22.2964  13.2728   4.9234   4.9750  10.5105  12.7213   4.9587  -6.5278  -2.0124  -3.4059  -5.9594  -7.3378 -10.2568 -18.1183 -18.7465 -15.1523 -18.6899 -22.2476 
 11.7015  12.5524  16.8036  20.5917  17.3325  11.6535   7.9132   3.4464   6.4909   8.4604   0.1120  -8.6770 -13.3036 -17.0534 -16.5775 -11.3553  -3.4540  -9.9071 -10.9540 -25.7760 
 20.0026  21.9415  20.1743  15.7692   9.6829   6.6171  12.1877  15.1379   6.9729  -2.6223 -11.9260  -8.0030  -5.4775  -7.9242 -14.3282  -6.4602 -11.9823 -18.5276 -14.5214 -26.7133 
  8.4727  10.3130  16.1554  22.5237  20.4885  15.1245  10.9192  10.3785  14.0959   8.6752  -2.6735  -8.1503  -8.9174  -2.4684  -9.1899 -21.2524 -22.7439 -18.1241 -17.6618 -25.9650 
 16.4001  11.0790   6.5408   3.9922   0.9638   0.6155   0.1321  -0.0033  -1.5205  -0.5347   0.0838  -0.8675  -0.2837  -1.6297  -1.6342  -2.7530  -2.7291  -3.0597  -3.9086 -20.8833 
 12.8347  13.9930  15.6832  15.4917  10.9362  11.4157  15.6476   4.3710 -10.8720   4.3584  -2.6363  -7.3238 -10.3423  -4.3725   0.4684   7.2994 -11.0045 -18.8176 -14.2499 -32.8805 
 12.3323  15.8058  21.8399  24.3008  14.4087  10.9930   7.8357   8.0265  12.8222  14.2335   5.8155   6.0731  -6.0593 -17.6762 -22.1263 -23.2555 -24.2165 -21.7123 -15.9183 -23.5226 
  5.7344   5.3389   3.8374   3.4190   2.8812   1.7219   0.1439   1.8580  -0.5349   2.0653  -5.3722   2.7017   1.0724  -0.8636  -1.4371   0.4192  -0.6553  -2.1126  -0.7370 -19.4805 
  8.7871   8.8914  10.5080  13.7939  18.1053  18.3809  13.6037   9.9123   6.2489   7.8891   6.4768  -2.8713  -8.9109 -11.1699 -11.8847  -5.8137 -11.8112 -19.3777 -21.5409 -29.2171 
 21.2487  22.5877  21.7624  19.0832  14.4498   8.3623   6.4664   3.1545  -0.2860  -1.9696  -3.9389  -1.8288  -3.7243  -9.6176 -13.7865 -15.0846 -11.3343 -12.9399 -16.9243 -25.6805 
 15.5067  16.3749  16.3110  12.8646   5.4498   2.4274  -1.0299  -3.2700  -3.2357  -0.0252   7.5399  -0.6948  -6.2588  -9.1664  -6.8883   0.7600 -11.6902  -9.9820  -1.1495 -23.8436 
 15.5548  17.3265  20.2482  21.9118  17.7825  12.4436   8.5947   8.3626  10.7582   6.8704  -2.6150  -7.1451 -11.7102 -15.2112 -16.7335 -10.8661 -12.1430 -16.7183 -19.7849 -26.9260 
  9.7348  18.6985  22.2000   9.7733   3.5414  -0.9890  -5.4561  -5.4928  -8.4760  -6.8757  -4.1569   6.8951   2.1633  -1.2892   3.0483  -7.4717 -12.0842  -7.7317   1.0735 -17.1050 
  6.6628   6.9628   9.2890   7.3292   2.0881  -0.1054  -1.5163  -4.7058  -4.4988  -5.4883  -6.5025  -2.6194   5.9468  -1.1287  -0.4851   5.3144  -1.6440  -1.6601   4.2795 -17.5182 
 11.7595  13.0074  13.6551  14.3417  13.9024  11.5890   9.9365   4.1950  -1.2916  -2.3847  -1.5414  -3.1381  -5.4213  -4.9864   0.0096   0.2286  -7.5940 -13.3606 -21.1287 -31.7780 
 16.5560  21.1528  18.2294  14.8217  11.7211   5.8948   0.1128  -5.7142   0.4819   3.4296  -7.6731 -15.2596 -14.0910  -4.3450   4.2359  -1.2610  -8.7829 -14.4366  -8.1323 -16.9402 
 -9.6162  -5.8920  -0.4336  -0.0688   3.9825   0.7100  -1.9156  -3.0982  -4.8027  -4.2612  -2.6264   1.0431   5.5418  11.1806   9.5552   5.0905   3.5862   4.3463   5.8670 -18.1885 
  9.2493  12.5210  14.8487  20.3042  16.9267  10.5281   5.4085  -1.4152  -5.3054  -5.3250  -4.1371   2.4443   0.8006  -8.0900  -7.9314  -5.9206 -13.5877 -13.0043  -4.8031 -23.5116 
  5.9148   6.0122   7.7679  11.9347  14.3202  11.1880   5.7941   0.6362  -0.9006  -3.7616  -1.0465   6.3361   0.5894  -7.7629  -9.2778  -6.0898  -0.4740  -7.4253  -3.1780 -30.5771 
  9.0470  12.9059  18.1346  24.2631  23.6353  19.2579  20.8877  17.0355   3.1774  -5.2773 -10.0473 -14.9178 -17.5773 -16.4551 -11.9394  -9.6664 -11.9143  -7.0063 -19.2353 -24.3080 
 11.6229  13.7686  16.3077  18.9730  21.2077  21.1770  18.6717  15.5260  14.4577  10.9286  -2.0523  -9.7658 -14.1470 -18.3895 -20.2191 -19.9491 -14.1791 -17.4745 -18.9708 -27.4939 
 -1.2854  -2.7859   2.0352   3.8729   2.5634   1.1875   2.9803   3.4105   0.6928  -0.5396  -6.4408  -2.1739   4.1284  -0.7168  -3.4324  -5.3047   2.1060   6.1169   6.1700 -12.5844 
  3.6719   5.1933   3.4330   2.0915   1.7090   4.9193   7.5225  11.4575   7.7921   1.1072  -1.3846   0.6720  -0.8916  -0.5196  -2.8857  -5.7085  -3.7344  -4.4707  -6.4364 -23.5377 
  5.0076   6.0603   5.6858   5.8716   4.9796   4.3510   3.2343  -0.0278  -1.6006  -3.6879  -3.6306  -0.3994  -2.7867  -5.8602  -4.3815  -4.1661   1.9375   0.0251   1.7605 -12.3723 
  1.5611   2.5677   6.9184  12.7642  12.9002   7.6294   1.5737  -0.4407  -4.6258  -3.3019  -0.3274   9.4821   8.3473   7.1185   0.9099  -4.2945  -2.0947  -5.5952 -16.6889 -34.4035 
-10.0770  -9.2074  -7.5499  -5.3349  -2.0639   0.7289   3.3239   5.0911   7.8838  10.9963  10.2149   9.1756   7.3923   3.8453  -0.9308  -1.4293  -1.7749  -2.4954  -0.6350 -17.1538 
 11.6964  15.7897  21.5631  25.0743  21.2867  19.0704  20.7015  14.1826   0.0839  -7.4606 -11.2687 -14.0743 -15.6804 -14.7951 -10.8010 -12.5161 -17.6133 -13.8075  -7.4286 -24.0031 
 -6.9283  -6.6188  -5.8684  -5.5056  -3.6164  -2.5751  -3.3395  -0.3521  -3.7955  -8.6077  -6.1256  -4.7755  -5.6371   1.9017   5.4236   6.9088  17.0056   9.6477  17.8081   5.0500 
  1.0400   4.3584   5.7473   5.9965   7.1951  11.1543  16.3999  17.9219  13.7898   8.5105   6.6032   8.3888   3.1208  -8.4853 -12.1692 -10.3091  -9.4060 -16.3383 -22.0676 -31.4510 
  4.0785   3.7601   3.2477   4.5535   2.8617   2.8959   4.0341   3.3572  -6.7255   5.4042   2.4187   1.2230   0.1581  -3.0654  -1.9472   0.8423  -1.1312   1.2092  -3.2861 -23.8888 
  7.3239   6.9150   9.3764  18.0744  16.9415   9.6050   5.2932   1.9763   2.0297   6.2840  11.8379  10.9565   8.5711  -5.0433 -15.8094 -21.0356 -22.5868 -18.9436  -8.4281 -23.3379 
 -1.7885  -4.8321  -3.3241   0.9574  -0.7694  -4.0018  -4.5674  -4.5260  -2.6221   4.0186   7.6808  10.9687   1.1618   6.5552   7.2914   5.9801   0.8194  -0.4241   1.0077 -19.5855 
  2.5382   2.7665   6.6332   9.6977  12.0223   5.6888   5.2502  -0.0648   0.1790   1.7261   3.6718   4.6019  -4.2546  -5.2838  -8.6175  -3.5030  -2.8900  -5.1451  -3.1562 -21.8607 
 -1.7959  -1.6410  -1.3048  -1.9856  -1.1093  -0.5878  -1.7759  -0.7425  -2.7139  -3.3222  -3.9402  -1.9787  -4.1788  -1.9573  -0.0518   0.6181   5.7386   8.4544  14.2974  -0.0227 
  1.9227   3.4879   4.9261   5.1627   4.2257   4.6417   3.0455  -0.4550  -1.9330  -4.6665  -6.5225  -3.7829  -5.2713  -1.4162   3.7054   5.6573   7.0460   2.7847  -1.9201 -20.6381 
  5.4951   4.1184   5.0794   4.1307   2.3794   0.0327  -0.8237  -1.5895  -3.7505  -6.6385  -6.0766  -2.2466  -0.4080  -4.9327  -5.8400  -1.6035   0.3752   6.5602  12.3259  -6.5875 
  6.8048   2.6542   8.2117   4.3594   9.5824   4.9978   9.2805   5.4616   0.1801   2.8218   4.8979   8.0336   1.3602  -0.8584   3.0641  -6.3167 -11.4947 -13.9096  -9.3665 -29.7643 
 20.4394  23.8508  19.9523  13.4804   4.7063  -0.8810   2.3157   4.3508   4.6054   2.6117  -2.8160  -5.7052  -5.0189 -10.4846 -14.5942 -12.8055  -6.1098 -12.0585  -7.7055 -18.1337 
  9.9351  14.3502  19.5530  16.3727   7.0796   2.9949  -1.1604  -3.2246  -3.9592  -2.8637   3.6007   8.3194   1.5624   4.0080  -6.2282 -13.2960 -15.2078 -10.4525  -5.9946 -25.3891 
  5.5354   4.2644   3.4234   3.5650   3.9406   1.8276   0.2709   0.3493  -0.0020  -0.7304   1.8692   2.1692  -1.3779  -0.9234  -5.0911   0.1335  -1.1518  -0.8308  -1.2357 -16.0052 
 14.7180   8.4248   6.7389   6.9731   8.7963  12.7964  14.6589  10.3137   3.2909  -3.7235  -5.8542  -6.9864  -6.8348  -4.2701  -4.4326  -5.4747   0.7281  -9.3904 -11.2298 -29.2424 
  9.1842   9.7851  10.8472  12.9244  10.6955   6.8423   4.6037   0.7650  -2.0301  -2.7855   1.3686   5.5053  -1.4464  -8.6948  -6.8949  -4.4565  -9.3587 -11.9106  -7.0277 -17.9162 
  9.5187  11.0469  10.8992  10.5477  12.4336  17.9310  22.0092  22.1029  21.2249  17.7472   4.1368  -3.9142 -11.6583 -18.8125 -22.4708 -24.5855 -14.9292 -12.6855 -22.7109 -27.8313 
 12.0341  16.6419  15.8489  10.0396   3.3655  -1.8695  -5.2143  -9.4106 -10.9745 -12.0991 -12.0450 -11.1231  -7.2635   0.0306  12.4231  12.6061   4.1888  -1.9085   0.6831 -15.9537 
 -1.3674  -0.5228  -4.0775  -3.8100  -1.0761  13.7500  19.2044  15.7231   9.5615   7.9996   6.5298   3.6199   0.5658  -1.3324  -7.5527  -6.3571  -7.0946  -6.2162  -8.1181 -29.4293 
  7.3145  11.1318  15.8219  21.2414  19.7326  13.4391  10.1286  13.1458  13.5220   4.5818  -4.9865 -10.4663 -12.4137  -8.4915  -7.5278 -14.5074 -14.9519 -10.6855 -18.9716 -27.0572 
 -2.6938  -1.0116   0.5434  -0.5197   1.2510   2.7810  -3.1452   2.3461   1.3093   1.0916   0.2998   1.6109   9.4326   9.1761  -2.9635  -1.3175  -1.3459  -2.3687  -0.4622 -14.0137 
 -0.6799  -0.1341   0.7366   1.5016   2.3553   1.9877   1.8684  -1.1687  -1.7388  -0.3259   3.2899   3.7096   2.8005  -0.4016   0.0798   0.8146   0.2490  -0.5574   0.0812 -14.4681 
 -4.5962  -1.7335   2.2323   4.9758   4.1965   6.1120   6.3004  -0.2420  -0.4268  -3.4101  -1.9343   1.8578  -0.3352  -3.5061  -2.9167   0.7871   0.7063  -1.6356   3.3878  -9.8196 
 13.1227  13.7568  12.0750  11.2378  13.9543  15.7037  14.8582   9.5334   0.1292  -3.0889  -7.7565 -10.9896  -5.4579  -2.1373   0.1387 -11.7169 -13.0933  -7.4977 -12.3640 -30.4077 
 29.3087  22.8979  20.4744  14.9176   7.8398   2.3822  -3.7671   1.0563  -3.5131   2.1709   4.1060  -2.4865  -7.3802  -9.3667  -9.8213  -8.8247  -9.4073 -14.9259 -16.1530 -19.5079 
  8.2477  12.7093  19.4580  20.8257  15.6422   8.6762   4.5782   4.1335   5.6439  14.7051  12.4104  11.4909  -6.3291 -17.1032 -20.7835 -24.4558 -22.5241 -14.5649  -5.2278 -27.5328 
  0.7217   4.0954   5.2473   1.5270   1.7119   3.5822  -1.4614   0.8720  -1.3606  -1.4757  -0.4869   1.0336  -0.7433   2.0743   0.6152  -7.1442   0.5920   6.3583   2.8714 -18.6301 
 20.3582  21.7378  21.8475  15.5031   8.5323   5.5254  -0.6584  -4.0833  -5.5901  -5.8466  -2.2597   3.0499  -4.1864  -7.3615  -5.3521  -8.6549  -8.7165 -10.8646  -9.6599 -23.3202 
  7.9037   5.3843   2.5963   1.7924  -4.1648   1.1119   1.0025   0.4959  -1.4533  -3.0047   0.7379   1.8636   2.4329   0.9500  -0.1706  -0.3177   0.7889   1.1735  -0.4730 -18.6499 
 -1.9942  -2.2404   1.0361   1.1275   2.4246   0.9687  -0.7731  -0.4350   2.7773   4.6081   2.2666   5.9874   1.4863  -4.3135  -1.0943   3.1059  -4.9201   3.6382   1.5522 -15.2082 
 15.5189  17.8940  20.2047  21.1613  16.5719   9.8830   6.2072   1.5961  -2.8649  -4.2350  -1.2109   1.6294  -0.3114  -6.2890  -6.6470  -6.6461 -16.7097 -18.4834 -19.5782 -27.6908 
  4.5707   9.9453  16.9194  16.3836   7.5074   1.7185  -1.6704  -4.6470  -7.1710  -7.5216  -6.2372  -1.4728   9.1990   4.5872   4.2446  -3.1203 -10.1462  -8.9093  -2.0237 -22.1562 
 10.2043   6.2265   8.0480   6.0822   2.9673  -0.2686  -0.4905  -3.3479  -4.2925  -4.0224  -2.6407  -3.8742   0.6899   3.7007   5.8631   8.8480  -1.0855  -6.5692  -4.1304 -21.9079 
 12.9155  18.0966  19.8262  14.0767   6.9947   1.6106  -0.8791  -6.2102  -7.3162 -10.2835 -10.9883  -8.3441  -1.6557   0.0080  -5.7847   1.4192  -5.5022  -4.2471   3.9784 -17.7147 
  5.1637   8.0679  12.5738  17.5701  14.9252   4.1592   0.9276  -0.3161   0.0005   3.6819  10.2605   3.1026  -2.7955  -2.8307  -1.1861  -9.2862 -11.7976  -5.3295 -15.7634 -31.1274 
  6.9673   6.7974   6.1367  10.4782  15.9809  13.2295   4.9742   0.4813  -4.1310  -5.6911  -5.9712  -1.2511   7.3306   2.6442   0.3224  -0.8372  -7.4799  -9.3018  -8.5882 -32.0913 
 13.1396  12.9563  12.3478   9.0857   2.3849  -0.8490  -1.4825  -4.2362  -7.2804  -7.4639  -6.8853  -6.4479  -4.2443  -8.2231  -3.9022   0.4289   0.1896   3.7001   6.9697 -10.1879 
 15.3330  18.1603  22.1112  21.6848  13.1886  10.5333   8.8464   9.6626  12.4137  13.9577  10.1420  -0.2864 -11.4409 -16.9791 -19.7494 -15.6645 -19.7643 -22.5000 -23.5283 -26.1208 
  6.8457  -6.8649   5.4271   5.2712  -1.3685   5.0072   1.5557   0.4655  -8.6121   0.8133  -3.3697  -1.5367   2.2231   2.7614   0.6905  -0.9517   3.9757   2.5271   6.8378 -21.6975 
  4.0198   5.3861   1.4690  -2.5892  -0.7717   2.5302   1.6444   0.6228   0.0646   3.2916   3.8112  -0.6089   2.1623   0.1459   0.1339   0.1325  -1.6768  -0.5331  -0.5013 -18.7335 
 -7.1586  -2.6175   0.5796   4.1833  -1.3849   0.3608  -8.9238  -4.4835  -1.6026  -5.1856  -8.3891  -1.4730   9.5706  -8.3291  11.6042  11.1480  -0.2734   4.8182  12.1074  -4.5509 
 12.6166  14.8923  16.2633  17.1269  18.2744  19.2870  16.5858  10.4162   6.9131   6.3384   2.9142  -1.3754 -10.9051 -16.4865 -19.5016 -17.7616  -6.9047 -16.5161 -23.1066 -29.0706 
 10.8009  12.8094  14.6516  18.7246  16.6285  12.1161   8.7229   6.4887   7.8806  10.1330   4.1720  -4.3839  -6.8368  -8.8011  -8.4415 -14.6175 -16.9291 -13.3638 -20.2402 -29.5143 
  6.2190   6.4291   6.1608   8.0273   9.8018   9.8514   6.5431   7.0773   5.8326   5.6116   8.2150   7.4679  -0.2957  -6.5386  -7.9000  -7.1888 -10.2895 -12.2362 -14.0338 -28.7541 
  8.0266   9.6417  12.2059  15.4655  15.3945  10.4886   6.7757   2.3300   3.3664   6.5551   2.3159  -4.1967  -9.2962 -11.8145  -9.9788   0.0400  -6.7484  -6.4088 -11.3916 -32.7710 
 -6.0361  -3.7035  -0.2831   1.4674   0.7756   0.3247  -0.7445  -0.5024  -2.1341   2.7813  -0.1459  -3.5635  -3.9893  -4.2930  -0.5948   5.6527   2.1314  14.0267  12.5554 -13.7247 
-14.2301 -11.8469  -5.4438  -2.2899   3.4911   0.4713   0.7187  -2.7114  -1.5588  -2.8210  -0.0887   1.5060   2.8286   9.3500  12.2742   8.0817  12.1298   7.7574   3.4239 -21.0423 
 10.2809   9.4545  10.3039  12.6386  19.4980  22.5798  19.2258  15.3342  18.1620  10.8305  -3.6184 -11.2472 -16.1533 -19.0561 -21.3742 -19.1215  -7.0133 -13.0322 -12.3255 -25.3663 
 -7.1992  -4.0950  -0.4752  -0.0397  -1.2923   1.2680   2.1020  -2.0159   0.5678  -4.1475  -2.2860   1.2468   2.9160   3.7433  -3.5078   6.2645   5.1466   3.3947  11.0482 -12.6391 
 -1.4558   2.6350   2.5261  -0.4261   7.9067   7.3761  10.5050   2.1413  -4.1382  -2.8818   6.9021   5.4317   4.9534   4.5363  -2.8372  -3.4508  -1.0165  -1.6706  -9.0235 -28.0132 
  5.4483   7.0338   8.8713  13.9617  19.3432  16.5740  12.5536  13.7232  15.1487   4.1979  -4.0767  -8.9863 -10.9482 -13.1722 -11.3412  -7.4945  -4.4916  -3.5707 -22.8865 -29.8879 
 12.0309  14.2862  17.8716  18.2606  13.3426   8.9006   1.3455  -9.4180 -11.1012 -15.4444 -17.4768 -17.9985 -12.4515  -5.2431   8.8612   5.5913   6.3114  -1.1018   0.2013 -16.7679 
 16.8689  16.8256  18.5632  14.4683   8.2457   2.7262   1.7491   0.4673  -4.4682  -6.2835  -4.3280   2.1966  -4.4856  -9.6447  -7.5807   2.0175  -9.6747  -9.7002  -3.6650 -24.2978 
 10.3443   9.5624   9.5859   9.3945   7.7097   5.9502   5.4955   7.0578   3.8970   1.8002   2.9026   0.8300  -0.8072  -3.4283  -8.7861  -9.4681  -7.6897 -10.0581  -8.5829 -25.7097 
  8.4589  13.9060  18.3570  21.8577  20.8363  13.5168   7.0018   3.5585   0.2984  -4.3657  -7.6435  -5.4526  -6.4991  -0.0823 -10.9834 -14.4890  -9.9873  -4.5713 -15.9935 -27.7237 
 -2.7942  -1.0695  -0.1214   2.5877   1.5098   1.0893   1.5717   3.2131   6.2989  10.9335   9.8682   8.6743   4.8838   1.8707  -1.0579  -3.7852  -5.7917  -7.6708  -7.9578 -22.2525 
 25.1784  20.8581  17.0052  12.9557   7.7424   3.9815   6.0072   3.4663  -1.9041  -8.1079 -11.4077 -11.8642  -8.7727   4.7601   2.8284  -7.3135 -15.0133 -13.8178  -7.5999 -18.9821 
 13.6088  10.9215  11.1892  11.7633  13.2294   6.3264   1.9267  -1.7303  -3.3278  -4.4979  -7.2855  -3.9683   5.3311  -1.6679  -8.5378  -6.9275   2.8396  -8.2151  -5.8206 -25.1573 
 20.0774  19.5893  17.1250  15.9021  10.2327   5.8537   4.1551   8.7468   6.2824  -1.6643  -0.8142  -5.7458  -5.8553  -6.7971  -4.8129   0.1863 -14.4064 -22.1846 -19.7857 -26.0848 
  1.9579   3.5459   5.6047   9.8227  17.1510  16.9383   8.2371   2.3829  -0.9137  -2.6491  -2.1733   3.0262   6.5399  -2.8952  -2.9389  -0.9532  -9.2242 -11.9604 -12.7131 -28.7857 
  2.7147   5.0851   5.9010   8.2492   9.0379  12.5344  15.7585   7.9343   2.8699  -7.6515  -7.5935  -7.0792  -7.0329  -0.2973  -4.1153   0.8146   0.8342  -8.0293  -6.0641 -23.8708 
 -1.8671   0.2021   1.1744   3.3514   3.8114   4.6535   6.4708   5.5903   4.6873   6.1200   7.1503  10.8820  10.1467   5.0564  -4.0471  -7.0223  -5.8028  -7.0328 -13.2761 -30.2485 
 14.4582  17.2732  16.2772   7.1332   0.6525  -4.4947  -7.7910  -9.8395 -12.5801 -10.7856  -8.8712  -4.2717   7.2719   0.7198   1.5521   3.5804  -2.9845   0.1717   6.3548 -13.8266 
 28.6852  25.8888  20.5479  11.1546   4.6177   1.8681   3.9247   1.2950  -2.9240   4.3050   4.3461  -5.4196  -7.8904 -10.2821  -8.2802 -13.9910 -11.2895 -12.5380 -13.7725 -20.2458 
  6.9489   8.2782  12.9177  18.1269  10.1196   2.5932  -1.2838  -5.9588  -9.0612 -10.7381 -10.6395  -8.4104  -4.0818   7.0965   0.3344   2.1418   2.2817  -3.7137   1.6102 -18.5618 
  6.2919   7.1483   7.7499  10.3266  12.7585  21.8234  21.7899  13.6697   7.2737   9.3185  13.4418  -0.1530  -6.4198  -9.4554  -7.4143 -12.4542 -21.2295 -24.5545 -24.4585 -25.4529 
  3.2078   1.1604   2.3820   7.1676  15.6309  19.6735   9.8897   7.8474  10.1305  10.4050  -1.8220  -9.0708 -12.7476 -14.2980 -11.7869  -3.2366  -4.1439  -6.6114  -0.0121 -23.7655 
  4.9484   5.9562  10.0092  16.2669  12.9260   3.9525   0.4920  -2.9838  -4.7825  -5.0706  -3.0972   4.4166   5.1484  -3.0885  -2.2935   1.8467  -6.6209  -8.5405  -3.2672 -26.2180 
  9.1190  11.7308  15.3181  20.5759  15.7183   7.6900   3.7341  -3.2723  -6.7161  -9.0437  -8.0703  -0.5930   6.4087   3.5269   3.0413  -8.4178 -14.7425 -12.7049  -6.9905 -26.3121 
  1.4852  -0.6829  -1.5690  -0.2848   5.5052  12.8631   6.4129   0.4626  -3.5500  -5.4162  -3.9006  -1.4888   7.5205   5.6490   1.1393   5.5204  -1.2344  -6.2194  -3.0728 -19.1390 
 11.9158  15.3244  18.2371  17.8689  12.9861   8.5734   2.6935  -0.4620  -0.3115   4.3187   1.8359  -6.5328 -11.3944 -12.3343 -10.2127  -3.2123 -10.7404 -11.6243  -6.0915 -20.8377 
 -1.1406   4.4681   1.0243   1.7567   0.8452   1.0568   1.7113   1.4304   8.2151   0.5703   1.2053  -5.7909  -4.3638   0.9165  -4.5872   3.4354   6.9859   3.9875  -3.5121 -18.2142 
 18.8171  22.5033  16.7157  10.3549   3.9514   1.6962  -0.6346  -5.9992  -6.8816  -7.3001  -7.9076  -4.3326   4.9348   4.6458   0.9437  -3.5521  -9.3640  -2.4386 -11.4118 -24.7409 
 -0.9409   0.5904   2.2794   4.9547   5.8743   8.7846  11.0088  11.1838  11.6958  14.1355   8.9116   2.5256  -1.8779  -5.6262  -5.5753  -9.1754  -9.0981 -12.4659 -11.4699 -25.7149 
  0.4141   2.8215   2.0838   3.1886   4.2216   1.7188   4.6179   2.9704   1.6545  -2.8460  -0.9511   2.6537  -1.8008   0.9825   1.2384   1.5282  -0.7271  -3.0940  -0.8090 -19.8659 
  6.0430   4.6516   4.3017   7.7179   6.7963   6.2910   8.7476   8.7592   7.7014  12.1586   8.0227  -1.3414  -6.0075  -8.1097  -6.8511  -6.6141  -5.8068  -8.7086  -9.3302 -28.4218 
  7.1395   6.4611   6.4770   6.5752   5.7360   5.6174   3.8338  -0.3402  -1.9803  -2.2319  -4.1316  -3.2411  -2.2252   4.1950   1.9636  -1.7425   0.5431  -3.5115  -6.8529 -22.2844 
 17.8843  21.4402  20.6904  15.9517   9.7051   2.5656  -1.5516  -7.4554  -8.8729 -10.2263  -8.6781  -5.1896  -0.7045  -6.7680  -8.2898  -6.9326   1.3954  -3.2208  -6.0504 -15.6928 
 10.6767  10.3544  18.1231  11.2879   6.1413  -0.3610  -2.4504  -5.1076  -4.9943  -4.9704  -2.3126   5.9757   0.9523  -4.2427  -2.5152   4.9197  -8.3019  -9.0057   0.3384 -24.5078 
  9.9161  11.8977  18.2327  24.4645  22.2618  14.5543  11.0874  11.6473  16.7269  16.7802  10.9221   4.3259 -12.8739 -20.0422 -22.5408 -24.1296 -20.9142 -22.6765 -24.3668 -25.2731 
  9.4023   7.3715  11.9062  12.5120   7.0268  13.6459   7.2747   2.8388  14.6515  22.1573  24.2647   6.5863  -1.1334 -12.1075 -18.8356 -21.0343 -18.7149 -21.3705 -23.1378 -23.3040 
  6.1154   6.8878   8.0486   2.0830  11.4555  24.4875  10.2548   8.5452   8.1934  -4.1865  11.8854   1.3485   1.9895 -14.5678 -11.0286  -3.4615   1.3428 -19.7548 -24.2069 -25.4313 
 10.3570  12.8522  17.3265  22.8368  16.6859  10.9743   8.2198   6.8557   9.3432  12.2609   5.1561   1.5410   1.3448 -11.6896 -19.8579 -22.4891 -19.3409 -16.0157 -19.9891 -26.3720 
 -2.2958  -3.0198   2.5524   6.5326   5.0549   2.8939   1.6085   1.4431  -0.1701  -2.0055   1.1867  -1.3016  -2.2987   6.1240   3.0188  -0.9646   2.6135   4.0735   0.2584 -25.3041 
  3.3425  -4.9398   1.7857   0.9810   8.2974  13.8760   7.3422   4.3951   4.0317   8.9378   9.1371  -1.7588  -9.1168 -12.4667 -12.0238  -9.0772   4.3501  -0.6556   4.4305 -20.8684 
  2.6724   2.4627  -2.5441  -3.3045  -4.2917  -1.4508   1.5865  -1.0572  -2.1109   1.4870  -1.0006   3.5002   3.7107   1.3794  -1.6261   0.0378   2.0162   0.3261   3.2452  -5.0385 
  3.1268   4.8784   8.6218  13.5865  14.1019   7.2490   1.4764   0.4142  -1.4440  -0.1256   6.7242  13.6333   7.9001   5.1808  -8.7618 -15.9427 -17.5740 -13.2732  -3.9031 -25.8689 
  8.7515  17.2518  23.5164  15.7690   8.1574   4.9814   0.5026  -0.4621  -1.5217   2.4458  11.1982  12.8925   8.2107 -10.1894 -18.8969 -20.9839 -19.6436  -9.2705  -7.3159 -25.3934 
 11.7980  12.1448  14.6065  20.2682  20.5368  14.0544   8.9695   7.1447   9.3182  10.2279  -1.3945  -9.8630 -14.2310 -14.2600 -11.2940  -5.3186 -14.6453 -16.0278 -14.7441 -27.2906 
  8.3692   9.6882  12.8542  17.3005  21.1340  18.5917  11.2777   5.5517   0.5470  -2.3437  -2.3633  -0.2054   0.7833  -4.4844  -5.7547  -6.4185 -15.2118 -20.9890 -20.6002 -27.7265 
  3.2540   3.5495   5.6572  11.4443  18.6822  14.2818   7.9623   5.8581   7.6636  11.2380  10.4719  -0.3434  -0.9127   0.3323  -9.6682 -12.3368  -7.0303 -17.5040 -22.5944 -30.0053 
 10.5668   4.7765   4.8789   5.9385  13.1029  20.5979  14.5257   8.6496   2.4271  -1.1640   1.2029   9.4957  -0.0200 -12.5730 -14.8513  -9.4220  -4.4288 -12.9535 -14.3720 -26.3782 
  3.6092   2.1429  -0.2581   2.1516   6.0252   4.4742   4.3520   2.9527   3.6102   2.6901  -0.0942   2.2564   1.3309  -0.5758  -1.1090   0.1191  -0.1180  -0.1015  -5.5503 -27.9075 
  8.4206  12.6530  18.9633  23.9855  21.2540   9.7237   1.5121  -0.7361   0.7545  -1.5581   2.4158   9.9186   6.7278   3.6705 -12.4971 -19.8574 -23.2581 -23.7200 -10.9203 -27.4525 
 22.1951  16.4633  13.2055   7.4970   2.2280  -2.4528   8.7730  10.6870   4.9929   1.1178  -5.3802  -8.2471  -5.7256  -8.8078  -8.3540   1.5835   1.5054 -11.6521 -13.9564 -25.6726 
 -7.9053  -6.5840  -6.0103  -4.8986  -4.2425  -4.7462  -6.7261  -8.5401  -8.6906  -8.8402  -5.6306  -0.7673   8.6501   5.0800  13.9798  11.4953  10.0314  17.4290  14.9683  -8.0522 
 11.9359   8.4098   2.8637   0.1621   4.2653   2.6990   1.2433  -1.9101  -2.5608  -4.4372  -0.7370   5.0345   2.4512  -1.2451  -4.6924  -2.0267   0.3932  -0.7445  -1.8229 -19.2813 
 -1.3202   3.8184   7.4609  11.6391  16.2849  25.4929  15.8707   1.4126  12.3759  21.2527   8.1587  -3.8943 -14.7860 -10.6930 -17.9239 -16.3824  -1.7644 -13.0054 -19.3451 -24.6522 
  9.8443   9.9627  12.5201  13.7261  10.3992   6.6290   2.9281  -0.7644  -3.9695  -5.3737  -8.3704  -7.5382  -1.7207   5.7599   1.9410  -0.8146   0.5436  -5.6632 -12.2155 -27.8236 
  6.4290   4.7082   3.9317   3.1702  -1.6353  -3.6078  -6.3150  -9.1986 -10.3233  -9.8065  -5.8063  -1.3404  -0.7673  -2.2448  -1.2797   7.1795   3.2561  15.5273  14.8629  -6.7401 
 23.9506  22.1558  17.7456  14.4350   8.3329   3.1023   4.3134   8.6024   3.8015  -3.9642 -10.7800  -9.6229 -10.8860 -10.6376  -8.0083   4.7524  -6.4851 -13.7226 -12.4871 -24.5980 
  9.5760  11.4366  12.9012  14.4846  16.8425  19.5473  19.7042  15.2736  12.0272  11.0446   7.4677   1.1314  -9.0848 -18.3215 -23.8214 -23.1710 -19.9932 -10.2715 -17.3599 -29.4137 
 -3.4431  -3.1613  -1.9102  -0.6935   1.3870   1.2966  -1.0892  -2.4642  -3.0407  -4.4927  -5.4209  -4.2773  -0.5358   0.4090   1.2794   5.8990  14.3402   3.7638  11.1512  -8.9972 
 15.2464  18.8014  25.3166  19.5775  11.0313   6.5896   5.6381   2.9552   5.1185  13.2540  13.6736   8.5584  -8.3365 -15.9401 -20.3756 -21.2859 -21.2275 -19.3217 -15.1325 -24.1407 
  3.1035   6.1792   5.0462   3.5926   7.0741   6.4046   9.9419   7.7684   4.2113   3.6277   6.5092   5.5900  -1.7178  -6.4492  -7.8871  -6.9582  -5.1379  -8.3058 -10.5436 -22.0490 
 -0.7280   0.5704   3.9717   5.9469   6.0780   4.0770   1.2426  -1.3458  -3.2314  -4.6819  -6.2378  -5.0198  -1.2080  10.5808   2.6382   3.7712   3.8446  -1.7555  -1.1558 -17.3572 
  5.3326   5.4267   9.8240  16.2001  13.6887   6.9510   1.1917  -1.6723  -2.5788  -2.7648   2.6931   5.4843  -4.2095  -9.6143  -6.2919   3.6211  -3.8754  -6.5263  -5.2823 -27.5977 
  2.5771   3.4727   5.4467   8.8349   9.8870  12.1341  12.0826   7.7444   4.5255   0.7889  -2.0382  -4.7604  -5.7542  -4.6241  -2.4718  -4.0958  -6.2797  -4.6267  -9.5398 -23.3031 
 14.7846  16.0256  18.4400  18.7731  12.4129   9.2087   4.9463   5.2837   7.9434   9.1983   5.6775   1.0431  -7.1678 -12.3799 -13.9635  -9.4290 -13.5075 -18.2553 -21.2672 -27.7670 
 14.0860  12.6160  17.7362  22.8480  13.2766   7.4189   5.7487   1.8704   2.3287   6.7312  16.7040  13.9396   0.1199 -14.2720 -18.2397 -22.3862 -24.8172 -19.6941 -10.4326 -25.5823 
  1.2702  -1.2740  -3.7100  -0.5628  -4.5219  -4.4580  -7.7100  -8.3547  -7.0524  -3.3805  -3.0927   1.9780   6.7217  16.8392  12.2288   6.1018   4.3647   3.7046   7.0648 -16.1569 
 -1.5691  -0.6625   0.8145   2.7114   4.5683   6.3808   5.3169   3.3697   3.7409  -1.1329   1.3502   1.4333   7.1092   8.0819   7.4140  -0.3489  -3.5222  -5.2023  -8.9373 -30.9159 
  8.8791  11.5486  17.4354  21.9590  18.7721  13.0614  12.3597  15.8383   7.9901  -4.7504 -11.1404 -17.0402 -20.1418 -20.5768 -16.8543 -10.2710   3.5082   1.5897  -6.0317 -26.1349 
  1.4924   2.3041   3.6995   3.9735   2.9478   1.4182  -0.1153  -0.7081  -1.6935  -4.7155  -3.8966  -1.0552   4.3924   3.5582   4.7903   3.4573   4.4498   3.7588  -4.9783 -23.0800 
 19.7104  23.5312  26.4663  21.1276  13.4352  11.0142  11.5216  12.6431  11.6620   1.8352  -2.6313  -2.1531 -10.9044 -16.4683 -19.1821 -21.4207 -21.6631 -20.6795 -14.5440 -23.3003 
 -7.3825  -5.1236  -2.0803  -0.3985  -2.1515  -3.3191  -2.5398  -3.6553  -4.6673   0.2450  -1.1380   0.4163  -5.0235  -3.1123   1.6781   0.5456   9.2542  19.9831  16.2303  -7.7611 
  2.5108   2.1845   2.6268   3.2213   4.7277   4.9151   4.4068   2.5115  -1.2667  -1.0470  -0.5840   3.1980  11.3786   3.1343  -1.5396  -0.7790  -4.2909  -5.9553  -4.0558 -25.2973 
  1.3099   3.8149   5.9305   6.0290   6.2561   6.5634   6.5483   2.2558   2.8164   5.8479   6.7553   3.8567   2.7371  -0.0626  -3.8527  -5.1436  -5.5124  -7.3236  -9.2045 -29.6219 
  6.9414   7.8896  11.9174  19.4391  22.8159  17.5130  12.8967  11.7403  13.3801   0.6255  -8.6365 -13.1338 -15.0777 -14.1269  -8.2615 -12.9862 -16.1846 -10.2908  -1.8314 -24.6297 
 13.6675  18.7539  23.7644  23.5665  14.5584   8.2788   5.9566   3.8037   5.8231   9.3954   3.8096  -3.7071  -3.0809  -2.7965 -15.3910 -22.2338 -22.7083 -19.7578 -17.2327 -24.4698 
  6.8878   4.6215   4.0830   1.7534   6.3161   9.3030   9.1793   1.8539  -3.8953  -6.2684  -7.2830  -6.1167   0.8013   5.3564  -0.9241  -2.6976   1.7576  -1.1627  -4.9125 -18.6528 
 11.5366   9.1379   9.1023  13.3107  15.2931   8.4262   2.0019  -1.8545  -5.3470 -10.4980 -13.1650  -8.7617  -2.8037   6.5213  -2.9746  -1.1653   2.8950  -3.9002  -0.4074 -27.3478 
  8.1149   5.2054   4.7193  10.9119  14.2393   9.7159   2.7743   0.0628  -0.9042   2.5046   6.2675   4.5297  -1.7121  -2.7212  -6.4591  -8.2032 -12.1525  -9.7960  -4.5542 -22.5432 
 10.4270  10.1489   7.8411   6.9092   5.2675   3.1553   3.1860   0.3063   0.4719  -0.8710  -0.6868  -1.1505  -4.6137  -2.9984  -2.9661  -2.8540  -3.0302  -2.2057  -5.9823 -20.3547 
 16.5991  18.8180  20.4139  16.0812  15.2582  13.6000   9.7730   4.8200   7.2670   0.5444  -5.1929  -8.9752 -12.2178 -15.2451  -9.0857  -9.6324 -11.9042  -7.0554 -15.8485 -28.0175 
  6.9984   7.5807   9.7172  14.2935  21.1422  18.8026  13.0729  13.6068  15.6061   5.7873  -4.4176 -10.6630 -14.9625 -15.2760 -12.1485  -4.9859 -13.8661 -15.0801  -8.9505 -26.2577 
  4.8529   5.9107   5.9519   3.1046  -0.7986  -3.8000  -3.3218  -6.5949  -9.5964  -7.6925  -7.0336  -3.5031   2.4411  -0.1901   9.1699  13.0532   0.4243  10.9470   3.0406 -16.3654 
  2.3975   0.4924   3.8005   6.1460   0.9043   2.1381  -0.0106   2.9239 -11.7677  -3.8359  -3.4925   0.8716   3.4740  -2.8287  -3.8786   1.2858   6.8931  -2.1701   3.3894  -6.7326 
 -3.5428  -1.3900   0.9285   2.4806   2.9675   0.7980   0.9612   0.2854  -2.0562  -1.3222  -1.9025  -0.0059   8.6474   4.6327   1.6964   0.3984   0.9512   1.7069   1.4812 -17.7159 
 17.4798  18.9995  21.9699  20.6967  14.4015   9.2408   9.2963   4.6834  -0.5765  -2.0466  -4.6870  -8.1340 -10.8400  -6.9387  -4.9129  -2.3346  -9.5282 -16.6374 -22.8620 -27.2700 
 30.2051  29.0816  22.7010  15.9702  13.2347  12.3034   7.9736   1.7110  -2.9050  -5.8220  -9.0457 -11.4933 -10.9824 -10.7128  -9.7198 -11.4470 -12.1083 -14.3720 -14.3489 -20.2236 
  4.3667   5.6948   7.6382   9.1345   7.9965   5.9946   4.8983   4.5838   1.3099  -1.1182  -2.4032  -2.5986  -0.3123  -3.8248  -3.3874  -4.6492  -2.5381  -4.1010  -4.4278 -22.2567 
 13.3799  15.9919  18.2801  18.5738  14.5051  15.0610  12.6361   1.8684  -4.4789  -7.5763  -7.3687  -5.7285  -8.7693 -10.0970  -1.0795   0.7696  -6.5956 -14.5402 -16.2583 -28.5735 
  1.2989  -0.2985  -0.1264   2.2528   6.1919   9.0850  11.5888   9.6084   6.4565   4.6999   3.8291  -3.1433  -2.0178  -5.4377  -3.5892  -2.4088  -3.4525  -6.5279  -6.8848 -21.1245 
  6.6990   6.9952   6.9900  10.6461  18.1760  23.4925  20.7738  19.3068  14.5258   4.1679  -5.0313 -10.5967 -15.7569 -18.7535 -19.3572 -18.4953  -9.1098  -8.3084  -3.5080 -22.8561 
  0.3614  -3.0919  -2.2049   0.2924   3.5194  12.3203  10.5339   6.5081   2.9888   3.7587   9.6208   6.5139  -3.3458  -8.5883  -8.7468  -4.7300   1.1707  -5.5824  -3.0982 -18.2001 
  3.6833   5.1669   7.0034   5.1138   6.2451   5.1324   2.9024  -0.2756   0.6913   0.7688   2.7471  -3.0081  -4.2841  -1.6790   0.6913  -2.2915  -1.1739  -2.5591  -2.7007 -22.1738 
 11.4726  11.0663  10.8078  10.4446  10.6033  12.3965  13.0646   7.6243   1.8855  -2.1733  -3.8981  -0.7658   2.9887  -2.4982 -10.2150 -14.2533 -12.1696  -5.4330  -8.3400 -32.6080 
 -6.7179  -4.6131  -3.1636   0.0876   0.6888   1.0614   0.5541  -3.5030  -3.5922  -2.2597  -0.8136   6.0096  11.8925   2.9252  -1.1450  -0.4619  -0.0294   2.9522   6.4894  -6.3616 
  5.3482   3.7310   5.0957   3.1029   1.6780   3.1184   0.5161  -3.5018  -4.5034  -6.3519  -7.8639  -5.6580  -5.1767  -2.3928   0.1325   3.3098   7.8210  11.9881   4.4190 -14.8118 
  8.2697   5.8835   6.0215  10.4427  12.0342   7.5709   3.5443  -1.0166  -4.1313  -6.5619  -5.0660  -0.8575   7.1102  -0.6052  -4.0956   0.6756   0.8926  -4.2551  -6.4788 -29.3772 
  2.0192   3.9566   4.9448   8.0890  14.6263  15.3545  12.2775  10.3302   7.2993  12.5826   7.7803  -2.3944  -7.4949 -10.2984  -9.7837  -7.3581  -7.2692  -6.1954 -16.7366 -31.7295 
 12.8428  15.9200  16.2497  11.8540   3.8000  -1.0057  -2.5059  -6.5320  -8.3900  -9.9165  -9.6596  -6.0113   1.0447  13.8469   7.3566  -4.1906 -11.0801  -8.0052   3.2361 -18.8537 
 17.2020  18.6360  23.3502  20.5862  15.5823  12.7495   6.4445  -6.6661  -9.1710 -15.5663 -21.8272 -18.4838 -16.7082 -14.2582   2.8891   3.6115  -0.4823  -0.0577   2.5754 -20.4057 
 11.2405  16.2045  19.5245  19.0279  10.8160   4.2621   0.0074  -4.8018  -7.7494  -9.5065 -10.8518 -10.4718  -6.2617   1.5892   9.5055   4.0459  -4.2300  -9.8946  -9.4119 -23.0441 
 21.5981  16.6548   9.2131   4.2901  -2.7752  -6.0814  -5.7172  -6.8518  -5.3057  -3.6255   1.9348   7.8994  -1.3260  -8.0365 -10.6481  -6.5275  -3.0468   3.5257   5.6627 -10.8371 
  2.3529   1.9098   1.1705  -1.0129   0.2322  -2.1724  -2.7849  -0.3004   1.1108   2.9625   0.3261  -2.0946   1.0272   3.4696   1.9753   1.1513   2.4885   2.1442   0.7739 -14.7298 
 -1.7003  -2.4848  -2.4346   4.7038  24.9669  27.0962   7.9463   4.7152   0.1920  -0.8991  -0.8489   9.9068  -2.4800  -9.4907 -11.9321  -1.8570  -6.2441 -11.0862 -11.2891 -16.7804 
 14.9206  17.9220  23.4494  28.4771  23.9338  22.5858  21.7793   9.3991  -3.6346 -10.2702 -14.3748 -16.3264 -19.3026 -18.4585 -17.3134 -12.2710 -10.5930 -10.9994  -7.9141 -21.0092 
 10.8472   9.9985   8.1012   5.6373   0.7372   0.0745  -0.8638  -1.7933  -2.9142  -3.0150  -2.2427  -0.7782  -2.5201  -6.2197  -5.1933   0.2777  -5.0155   0.2927   4.1108  -9.5213 
 11.2774  17.5024  20.7927  14.9512   8.8893   5.3831   1.1126  -0.5407  -1.8226  -0.7548   3.8991  14.1917  11.4189  -2.2812 -13.1711 -17.2396 -15.8893 -13.7806 -15.9376 -28.0009 
 -1.8142  -1.3801  -0.2831   1.3820   1.7722   1.4623  -1.2023  -3.2113  -5.2345  -6.7523  -4.9565  -2.8637   4.0779  -2.6764   0.8821  14.4958   8.5614   4.5439   7.9060 -14.7091 
 10.5077  13.8832  19.5676  20.8530  17.7078  12.7109  11.5269   8.0218   2.2318  -5.7244 -10.1683 -12.8120 -14.9230 -10.7023  -2.0109  -8.3963 -10.2008  -5.4032 -10.7793 -25.8902 
 -0.2509   1.3469   0.6421   2.6377   6.0659   4.3721   5.3520   3.9824  -1.7069  -2.0895  -5.2191  -1.5370  -3.3737   1.3384   4.0383  10.2321   1.6548  -3.2413  -5.1470 -19.0973 
  6.4953   9.3365  14.1057  20.6271  16.1168   7.3580   1.4929  -2.7587  -4.0681  -3.9748   1.3672   8.9105  -0.9200  -5.3133   0.3345  -6.1299 -12.7503  -9.3229 -13.4612 -27.4454 
  0.6201   2.4328   4.9760   9.2545  15.4025  12.2971   5.7680   5.0077   4.0499   4.2155   9.7060   7.7493   5.8274   0.3852  -5.9984 -11.5236  -7.3050 -10.3504 -20.7971 -31.7176 
 -3.7294  -1.4413  -3.7524  -4.5904  -3.2743   0.7360  -3.2763  -4.8007  -0.6213   4.9030  10.4614  11.0474  17.3494  -0.7763   5.4732   0.7769   1.2498  -0.7639  -2.1070 -22.8638 
  6.7163   9.2255  12.3187  17.6924  17.6404  11.8940   7.0991   4.2645   4.3021   9.9874   5.8382  -3.4579  -6.9519  -4.8090  -2.1538 -14.0697 -18.7474 -17.3320 -11.2745 -28.1824 
 14.7156  19.4663  14.7897   6.5422   1.1728  -2.3524  -4.9286  -7.8168  -8.8525  -9.4747 -10.7274  -8.5129  -4.4565   7.8312   0.0283   4.0451   1.6338  -1.3894   4.4306 -16.1441 
 19.0680  22.0875  24.6110  22.0341  17.3706  15.8785  14.1658  11.9508   4.4308  -1.1373  -6.4223 -10.3244 -11.8572 -13.5064 -14.4779 -15.1004 -15.5216 -16.8251 -22.0101 -24.4145 
  9.0336  19.0176  24.4867  24.6758  18.9461  11.7838   7.6427   4.7750   1.2864   0.4513   1.8155  -1.2592  -9.2086 -14.2929 -15.7555 -13.6408  -7.7748 -14.5157 -21.5902 -25.8770 
  1.4827   0.2805  -0.3810   1.4732   8.2340   8.1707  10.0600   8.3087   4.1212   2.7249   3.5821   7.9718   3.7426  -2.6511  -5.3909  -4.4519  -4.5293  -6.7232  -8.9602 -27.0648 
 10.5705  10.6700  11.7791  12.1925  10.0236   6.6964   5.1163   2.6148   4.7648   2.5521  -3.9125  -7.4628  -9.6721  -9.3307  -9.9466  -8.0895   1.1968  -3.8200  -3.4846 -22.4580 
  7.5905   8.3863  11.5587  16.2565  22.0088  23.0422  17.8049  13.1018  17.1694  13.5769  -0.2381  -1.8062   1.5806 -10.3901 -20.8106 -24.7914 -25.0524 -24.3552 -19.3769 -25.2554 
  7.3275  11.6160  16.6781  15.5131   8.1538   4.8147  -1.7134  -2.9599  -6.5688  -7.0695  -0.9248   5.3367  -4.5080  -7.1758  -3.4270  -3.5021  -8.7907  -5.2842   1.7479 -19.2635 
  8.6994  13.7488  20.2706  15.6056   8.0300   2.7906  -2.4915  -6.3762  -9.0577 -10.4892 -11.7811 -10.7422  -7.7494  -0.3422  10.0858   3.8928   3.9680  -2.0796  -2.0561 -23.9265 
 -1.8066  -1.3696   1.0493   1.3711   1.9691   1.1999  -1.8646  -1.9643  -1.7749  -1.3390  -3.3717   3.1526   1.2109   0.7990   0.4966   2.5531   3.3704   2.3429   4.9229 -10.9469 
  4.0689   7.4175  12.6940  18.0600  16.5869   9.3259   4.5282   2.8636   1.6428   4.7328  12.4121   9.1212   6.2302   0.0152 -12.5596 -17.7355 -18.6999 -12.7970 -17.6503 -30.2571 
  0.8292   2.6495   1.8804   4.1439   5.6667   5.7021   4.9475   6.8868   6.7950   8.0289  10.5666   8.6874   1.8534  -2.2297  -6.3646  -6.7900  -8.1505  -9.3082 -10.0423 -25.7522 
  7.1022   3.8236   1.8946   4.4230   4.7840   4.6315   5.8219   2.7914   1.6501   0.4344   2.2205   4.0071   0.0326  -2.6285  -2.5436  -3.5874  -3.6688  -4.2155  -7.0087 -19.9643 
  0.1242  12.2019   4.3084   4.2478   1.9093   0.6288   1.1102   1.5269   2.2918   5.1362   2.1955  -5.7687   1.1936  -1.4469   0.2971  -4.6605   0.8522   1.2017  -3.9848 -23.3647 
 -5.1159  -1.2775   2.5260   4.1265   3.4097  -1.7194  -0.8844  -1.4795  -5.4958  -6.8537  -1.5398   0.9661  -2.3240  -4.8943   8.2925   3.4432  -1.7853   6.3100  13.4410  -9.1454 
  3.9898   4.3777   4.2357   3.0453   3.7447   2.5019   1.1011  -0.4780  -2.4003  -0.6497   0.8291   0.2117   0.0985  -0.2133   0.3830  -1.7850  -1.0322  -2.1328  -1.6069 -14.2203 
 11.3622  14.7416  16.8859  15.0883   9.9488   8.7692   4.3995  -2.0242  -2.6878  -1.0092   0.7764  -2.2298  -4.0840  -8.1165  -6.2525  -5.2064  -7.0092  -6.7164  -9.2528 -27.3833 
  3.6579   2.8996   4.0461   8.3701  17.0082  23.3625  16.2578   7.1955  17.3887   6.3999  -4.2883  -9.9015 -12.7556 -12.3388  -5.4680 -10.3674 -10.9476 -10.1432  -6.0175 -24.3585 
  7.5312   5.8939   4.3265   4.0014   2.9087   1.6542   2.9601   3.9087   1.3700  -2.9778  -0.8059  -0.8752  -0.9920  -0.8125  -0.8336  -0.0306  -2.6451  -2.7999  -4.2986 -17.4834 
 15.3876  20.0855  22.6771  20.6277  15.1509   8.8202   3.6289  -2.1904  -8.5688 -13.1818 -15.2549 -15.0083 -12.7233  -8.7307   0.5974   4.3829  -2.2770  -0.0304  -7.8902 -25.5026 
 23.6589  23.2539  20.3520  15.1761  11.4144   5.8059   5.4712   1.3160   0.0827  -2.4308  -7.0613  -6.1765  -1.8534   5.6004  -1.4387 -15.4564 -17.3870 -18.8680 -17.3832 -24.0763 
 11.6709  14.1123  21.1753  25.8068  20.7082  14.0630  14.1588  17.9220  14.6153   4.8179   3.3194   0.4690 -11.4997 -19.1991 -21.5666 -21.4213 -21.1902 -22.3547 -22.1566 -23.4508 
  4.6799   3.0606   1.6539   6.2007  -2.0201   3.0954   0.5569   3.2707   1.3312   0.0725   1.8286  -5.9667   2.6570  -0.0978  -1.2174  -2.2597   0.2234   1.4765  -4.2077 -14.3379 
  9.3104  11.8578  14.9832  13.1906   8.5578   4.2616  -0.4942  -3.0677  -3.2171  -5.1322  -1.7298   6.6384  -0.8475  -8.0712  -9.5863  -5.8386   2.6610  -8.3104  -6.0285 -19.1373 
  2.2896   3.8587   4.9224   8.6357  13.9236  17.8222  15.7427  11.5211   7.5272   9.1679   9.7247   5.7451   0.5275   0.3504  -6.2281 -12.9212 -14.0843 -20.5964 -26.6432 -31.2855 
 18.9039  18.0327  13.6297   9.7561   7.4319   5.3744   2.9646   1.7415   0.6716   0.6859   2.7446   0.5342  -4.3187  -6.1877  -6.9311  -9.8734 -11.9041  -9.1281  -8.9591 -25.1690 
  6.4513   6.7843   9.4438  12.9549  16.4801  14.9093   8.2954   1.6877  -2.5193  -4.4922  -6.7348  -6.9853  -4.6783   0.7181   1.0483  -5.1128  -1.1161  -7.5305 -12.3980 -27.2058 
